
---- Aspartate  ---
*** MID for each injection, corrected only for natural 13C, 29,30Si, 33,34S ***
A549_GlutaminaC1_1_01.CDF 0.28423 0.70453 0.00539 0.0062 -0.00034 1
A549_GlutaminaC1_1_02.CDF 0.27692 0.70865 0.00768 0.00672 4e-05 1
A549_GlutaminaC1_1_03.CDF 0.27475 0.71043 0.00859 0.00618 5e-05 1
A549_GlutaminaC1_2_01.CDF 0.2835 0.7042 0.00673 0.00552 6e-05 1
A549_GlutaminaC1_2_02.CDF 0.28086 0.70749 0.00523 0.00662 -2e-04 1
A549_GlutaminaC1_2_03.CDF 0.27713 0.71102 0.00674 0.00478 0.00033 1
A549_GlutaminaC1_3_01.CDF 0.27895 0.70801 0.00785 0.0052 -2e-05 1
A549_GlutaminaC1_3_02.CDF 0.27995 0.70821 0.00724 0.00479 -0.00019 1
A549_GlutaminaC1_3_03.CDF 0.27015 0.71104 0.0123 0.00641 1e-04 1
BEAS2B_COLD_1_02.CDF 0.98432 0.00663 0.00971 -0.00013 -0.00052 1
BEAS2B_GlutaminaC1_1_01.CDF 0.27175 0.714 0.00742 0.00791 -0.00107 1
BEAS2B_GlutaminaC1_1_02.CDF 0.26667 0.71964 0.00726 0.00694 -0.00052 1
BEAS2B_GlutaminaC1_2_01.CDF 0.25795 0.72628 0.00833 0.00765 -0.00022 1
BEAS2B_GlutaminaC1_2_02.CDF 0.25599 0.73199 0.00532 0.0068 -1e-04 1
BEAS2B_GlutaminaC1_3_01.CDF 0.25811 0.7238 0.01048 0.00789 -0.00027 1
BEAS2B_GlutaminaC1_3_02.CDF 0.25728 0.72323 0.0119 0.00773 -0.00013 1
NCIH460_GlutaminaC1_1_01.CDF 0.29474 0.68979 0.00845 0.00642 6e-04 1
NCIH460_GlutaminaC1_1_02.CDF 0.28956 0.69583 0.00859 0.00611 -9e-05 1
NCIH460_GlutaminaC1_1_03.CDF 0.28857 0.69763 0.00727 0.00639 0.00014 1
NCIH460_GlutaminaC1_2_01.CDF 0.28665 0.69987 0.00717 0.00635 -3e-05 1
NCIH460_GlutaminaC1_2_02.CDF 0.28581 0.69986 0.00739 0.00703 -9e-05 1
NCIH460_GlutaminaC1_2_03.CDF 0.28321 0.70052 0.00948 0.00697 -0.00019 1
NCIH460_GlutaminaC1_3_01.CDF 0.30611 0.685 0.00349 0.00555 -0.00015 1
NCIH460_GlutaminaC1_3_02.CDF 0.2986 0.68693 0.00821 0.00648 -0.00022 1
NCIH460_GlutaminaC1_3_03.CDF 0.30067 0.68703 0.0062 0.00596 0.00014 1


*** All samples fully corrected **
A549_GlutaminaC1_1_01.CDF 29.99 69.79 -0.43 0.63 0.02 100
A549_GlutaminaC1_1_02.CDF 29.26 70.2 -0.2 0.68 0.06 100
A549_GlutaminaC1_1_03.CDF 29.05 70.38 -0.11 0.63 0.06 100
A549_GlutaminaC1_2_01.CDF 29.92 69.75 -0.3 0.56 0.06 100
A549_GlutaminaC1_2_02.CDF 29.66 70.08 -0.45 0.68 0.03 100
A549_GlutaminaC1_2_03.CDF 29.28 70.44 -0.3 0.49 0.08 100
A549_GlutaminaC1_3_01.CDF 29.47 70.14 -0.19 0.53 0.05 100
A549_GlutaminaC1_3_02.CDF 29.57 70.16 -0.25 0.49 0.03 100
A549_GlutaminaC1_3_03.CDF 28.59 70.44 0.26 0.65 0.06 100
BEAS2B_COLD_1_02.CDF 100 0 0 0 0 100
BEAS2B_GlutaminaC1_1_01.CDF 28.75 70.73 -0.23 0.8 -0.06 100
BEAS2B_GlutaminaC1_1_02.CDF 28.24 71.3 -0.24 0.71 0 100
BEAS2B_GlutaminaC1_2_01.CDF 27.37 71.96 -0.14 0.78 0.03 100
BEAS2B_GlutaminaC1_2_02.CDF 27.17 72.53 -0.44 0.69 0.04 100
BEAS2B_GlutaminaC1_3_01.CDF 27.38 71.71 0.08 0.8 0.02 100
BEAS2B_GlutaminaC1_3_02.CDF 27.3 71.66 0.22 0.79 0.04 100
NCIH460_GlutaminaC1_1_01.CDF 31.05 68.31 -0.12 0.66 0.11 100
NCIH460_GlutaminaC1_1_02.CDF 30.53 68.92 -0.11 0.62 0.04 100
NCIH460_GlutaminaC1_1_03.CDF 30.43 69.1 -0.24 0.65 0.07 100
NCIH460_GlutaminaC1_2_01.CDF 30.24 69.32 -0.25 0.65 0.05 100
NCIH460_GlutaminaC1_2_02.CDF 30.15 69.32 -0.23 0.72 0.04 100
NCIH460_GlutaminaC1_2_03.CDF 29.89 69.39 -0.02 0.71 0.03 100
NCIH460_GlutaminaC1_3_01.CDF 32.18 67.83 -0.62 0.57 0.04 100
NCIH460_GlutaminaC1_3_02.CDF 31.43 68.03 -0.15 0.66 0.03 100
NCIH460_GlutaminaC1_3_03.CDF 31.64 68.04 -0.35 0.61 0.07 100


*Correction:  -0.01011 0.00075 0.00629 0.00233 6e-04


---- Citrate  ---
*** MID for each injection, corrected only for natural 13C, 29,30Si, 33,34S ***
A549_GlutaminaC1_1_01.CDF 0.53696 0.42059 0.03479 0.00695 0.00048 7e-05 0.00015 1
A549_GlutaminaC1_1_02.CDF 0.53424 0.4228 0.03482 0.00801 0.00011 -0.00013 0.00014 1
A549_GlutaminaC1_1_03.CDF 0.53572 0.42174 0.03344 0.00828 0.00094 -2e-04 8e-05 1
A549_GlutaminaC1_2_01.CDF 0.50674 0.44869 0.03617 0.00788 6e-04 -0.00024 0.00017 1
A549_GlutaminaC1_2_02.CDF 0.50532 0.45073 0.03569 0.00731 0.00113 -0.00015 -3e-05 1
A549_GlutaminaC1_2_03.CDF 0.50497 0.4507 0.03503 0.00877 0.00065 -0.00016 4e-05 1
A549_GlutaminaC1_3_01.CDF 0.50099 0.45283 0.03835 0.00658 0.00082 0.00038 5e-05 1
A549_GlutaminaC1_3_02.CDF 0.50247 0.44833 0.03886 0.01061 -0.00052 0.00013 0.00014 1
A549_GlutaminaC1_3_03.CDF 0.50093 0.45116 0.03945 0.00752 0.00105 -0.00016 4e-05 1
BEAS2B_COLD_1_02.CDF 0.98452 -0.00056 0.01467 0.00103 0.00025 -5e-05 0.00013 1
BEAS2B_GlutaminaC1_1_01.CDF 0.24251 0.69323 0.05017 0.01255 0.00114 0.00041 -1e-05 1
BEAS2B_GlutaminaC1_1_02.CDF 0.24209 0.69535 0.0473 0.01427 0.00091 0 8e-05 1
BEAS2B_GlutaminaC1_2_01.CDF 0.2368 0.71068 0.03682 0.01524 0.00026 0.00018 1e-05 1
BEAS2B_GlutaminaC1_2_02.CDF 0.23668 0.70961 0.03728 0.01609 0.00029 -3e-05 8e-05 1
BEAS2B_GlutaminaC1_3_01.CDF 0.24293 0.69748 0.04368 0.01561 8e-05 0.00013 9e-05 1
BEAS2B_GlutaminaC1_3_02.CDF 0.23985 0.69919 0.04524 0.01529 0.00047 -0.00044 0.00041 1
NCIH460_GlutaminaC1_1_01.CDF 0.46666 0.49351 0.03071 0.00881 0.00031 -4e-05 4e-05 1
NCIH460_GlutaminaC1_1_02.CDF 0.46825 0.49242 0.0303 0.00866 0.00025 1e-04 3e-05 1
NCIH460_GlutaminaC1_1_03.CDF 0.46746 0.49217 0.0311 0.00864 7e-04 -8e-05 1e-05 1
NCIH460_GlutaminaC1_2_01.CDF 0.47138 0.48894 0.03054 0.00874 0.00051 -0.00019 8e-05 1
NCIH460_GlutaminaC1_2_02.CDF 0.47082 0.48776 0.03126 0.00972 0.00065 -0.00023 2e-05 1
NCIH460_GlutaminaC1_2_03.CDF 0.47055 0.48702 0.0329 0.00896 0.00075 -0.00022 4e-05 1
NCIH460_GlutaminaC1_3_01.CDF 0.49177 0.47119 0.02808 0.0089 4e-05 -1e-05 3e-05 1
NCIH460_GlutaminaC1_3_02.CDF 0.49169 0.47035 0.02874 0.00922 3e-05 -0.00014 0.00011 1
NCIH460_GlutaminaC1_3_03.CDF 0.49137 0.47139 0.02807 0.00872 0.00055 -0.00013 2e-05 1


*** All samples fully corrected **
A549_GlutaminaC1_1_01.CDF 55.25 42.11 2.01 0.59 0.02 0.01 0 100
A549_GlutaminaC1_1_02.CDF 54.98 42.33 2.02 0.7 -0.02 -0.01 0 100
A549_GlutaminaC1_1_03.CDF 55.12 42.23 1.88 0.73 0.07 -0.02 -0.01 100
A549_GlutaminaC1_2_01.CDF 52.23 44.92 2.15 0.68 0.03 -0.02 0 100
A549_GlutaminaC1_2_02.CDF 52.09 45.12 2.1 0.63 0.09 -0.01 -0.02 100
A549_GlutaminaC1_2_03.CDF 52.05 45.12 2.04 0.77 0.04 -0.01 -0.01 100
A549_GlutaminaC1_3_01.CDF 51.65 45.33 2.37 0.56 0.06 0.04 -0.01 100
A549_GlutaminaC1_3_02.CDF 51.8 44.88 2.42 0.96 -0.08 0.02 0 100
A549_GlutaminaC1_3_03.CDF 51.65 45.17 2.48 0.65 0.08 -0.01 -0.01 100
BEAS2B_COLD_1_02.CDF 100 0 0 0 0 0 0 100
BEAS2B_GlutaminaC1_1_01.CDF 25.81 69.37 3.55 1.15 0.09 0.05 -0.02 100
BEAS2B_GlutaminaC1_1_02.CDF 25.77 69.58 3.26 1.32 0.06 0 0 100
BEAS2B_GlutaminaC1_2_01.CDF 25.24 71.11 2.21 1.42 0 0.02 -0.01 100
BEAS2B_GlutaminaC1_2_02.CDF 25.22 71.01 2.26 1.51 0 0 0 100
BEAS2B_GlutaminaC1_3_01.CDF 25.85 69.8 2.9 1.46 -0.02 0.02 0 100
BEAS2B_GlutaminaC1_3_02.CDF 25.54 69.97 3.06 1.43 0.02 -0.04 0.03 100
NCIH460_GlutaminaC1_1_01.CDF 48.22 49.4 1.6 0.78 0.01 0 -0.01 100
NCIH460_GlutaminaC1_1_02.CDF 48.38 49.29 1.56 0.76 0 0.02 -0.01 100
NCIH460_GlutaminaC1_1_03.CDF 48.3 49.27 1.64 0.76 0.04 0 -0.01 100
NCIH460_GlutaminaC1_2_01.CDF 48.69 48.94 1.59 0.77 0.03 -0.01 -0.01 100
NCIH460_GlutaminaC1_2_02.CDF 48.64 48.83 1.66 0.87 0.04 -0.02 -0.01 100
NCIH460_GlutaminaC1_2_03.CDF 48.61 48.75 1.82 0.79 0.05 -0.02 -0.01 100
NCIH460_GlutaminaC1_3_01.CDF 50.73 47.17 1.34 0.79 -0.02 0 -0.01 100
NCIH460_GlutaminaC1_3_02.CDF 50.72 47.09 1.41 0.82 -0.02 -0.01 0 100
NCIH460_GlutaminaC1_3_03.CDF 50.69 47.19 1.34 0.77 0.03 -0.01 -0.01 100


*Correction:  -0.00981 -0.00403 0.00767 0.00355 0.00179 0.00045 0.00021


---- Glucose  ---
*** MID for each injection, corrected only for natural 13C, 29,30Si, 33,34S ***
20120713 A549 0H Glucosa C1C2 1_S200 G3_01.CDF 0.5484 0.0029 0.44101 -3e-04 0.00743 3e-04 0.00026 1
20120713 A549 0H Glucosa C1C2 1_S200 G3_02.CDF 0.54879 0.00266 0.4411 -0.00049 0.00745 0.00023 0.00026 1
20120713 A549 0H Glucosa C1C2 1_S200 G3_03.CDF 0.54836 0.00356 0.4401 0 0.00747 0.00027 0.00024 1
20120713 A549 0H Glucosa C1C2 2_S200 G3_02.CDF 0.54706 0.00252 0.44268 -0.00017 0.00744 0.00026 0.00021 1
20120713 A549 0H Glucosa C1C2 2_S200 G3_03.CDF 0.54623 0.00255 0.44335 -7e-05 0.00751 0.00022 0.00021 1
20120713 A549 0H Glucosa C1C2 2_S50 G3_01.CDF 0.54712 0.00257 0.44261 -0.00028 0.0075 0.00026 0.00023 1
20120713 A549 24H Glucosa C1C2 1_S100 G3_01.CDF 0.55647 0.00366 0.43198 -0.00017 0.00734 4e-04 0.00032 1
20120713 A549 24H Glucosa C1C2 1_S100 G3_02.CDF 0.55647 0.00343 0.43207 0.00023 0.00724 0.00034 0.00022 1
20120713 A549 24H Glucosa C1C2 1_S100 G3_03.CDF 0.55573 0.00353 0.43281 -5e-05 0.00741 0.00032 0.00026 1
20120713 A549 24H Glucosa C1C2 2_S100 G3_01.CDF 0.55614 0.00256 0.4339 -0.00027 0.00724 0.00023 2e-04 1
20120713 A549 24H Glucosa C1C2 2_S100 G3_02.CDF 0.55735 0.00149 0.43403 -0.00061 0.00732 2e-04 0.00021 1
20120713 A549 24H Glucosa C1C2 2_S100 G3_03.CDF 0.55605 0.00225 0.43428 -0.00036 0.00734 0.00023 0.00021 1
20120713 A549 24H Glucosa C1C2 3_S100 G3_01.CDF 0.55695 0.0032 0.43203 -3e-05 0.00734 0.00028 0.00023 1
20120713 A549 24H Glucosa C1C2 3_S100 G3_02.CDF 0.55641 0.00318 0.43262 -2e-05 0.00733 0.00025 0.00022 1
20120713 A549 24H Glucosa C1C2 3_S100 G3_03.CDF 0.55642 0.00327 0.43228 0.00022 0.00732 0.00027 0.00022 1
20120713 A549 Cold_S100 G3_001.CDF 0.98279 -0.00012 0.01628 0.00046 0.00043 9e-05 7e-05 1
20120720 NCI 0h Glucosa C1C2 1_02.CDF 0.53346 0.00271 0.45441 0.00124 0.00773 0.00022 0.00023 1
20120720 NCI 0h Glucosa C1C2 1_03.CDF 0.53377 0.00281 0.45388 0.00139 0.00771 0.00022 0.00023 1
20120720 NCI 0h Glucosa C1C2 1_04.CDF 0.53351 0.00275 0.45431 0.00125 0.00774 0.00021 0.00023 1
20120720 NCI 0h Glucosa C1C2 2_02.CDF 0.53151 0.00318 0.45575 0.00124 0.00784 0.00024 0.00024 1
20120720 NCI 0h Glucosa C1C2 2_03.CDF 0.53192 0.00315 0.45535 0.00133 0.00778 0.00024 0.00023 1
20120720 NCI 0h Glucosa C1C2 2_04.CDF 0.53149 0.00308 0.45578 0.00137 0.00782 0.00023 0.00023 1
20120720 NCI 24h Glucosa C1C2 1_01.CDF 0.55491 0.00197 0.43459 5e-04 0.00754 0.00025 0.00023 1
20120720 NCI 24h Glucosa C1C2 1_02.CDF 0.55317 0.00328 0.43415 0.00125 0.00753 0.00036 0.00026 1
20120720 NCI 24h Glucosa C1C2 1_03.CDF 0.55322 0.00302 0.43472 0.00089 0.00759 0.00029 0.00027 1
20120720 NCI 24h Glucosa C1C2 2_01.CDF 0.55001 0.00107 0.44085 6e-05 0.00753 0.00024 0.00024 1
20120720 NCI 24h Glucosa C1C2 2_02.CDF 0.54766 0.00291 0.44039 0.00085 0.00765 0.00029 0.00024 1
20120720 NCI 24h Glucosa C1C2 2_03.CDF 0.54725 0.00302 0.44068 0.00083 0.00767 0.00029 0.00026 1
20120720 NCI 24h Glucosa C1C2 3_01.CDF 0.55907 0.00177 0.43071 0.00045 0.00749 0.00028 0.00023 1
20120720 NCI 24h Glucosa C1C2 3_02.CDF 0.55695 0.00308 0.43089 0.00091 0.00763 0.00032 0.00023 1
20120720 NCI 24h Glucosa C1C2 3_03.CDF 0.5571 0.00309 0.43061 0.00102 0.00764 0.00027 0.00026 1
20120720 NCI Cold 1_02.CDF 0.97994 0.00232 0.01672 0.00048 0.00045 6e-05 3e-05 1
Glc_BEAS2B_0h_GlucosaC1C2_1_02.CDF 0.48895 0.00293 0.49742 0.00208 0.00813 0.00029 0.00021 1
Glc_BEAS2B_0h_GlucosaC1C2_1_03.CDF 0.4889 0.00335 0.49691 0.00188 0.00845 0.00029 0.00022 1
Glc_BEAS2B_0h_GlucosaC1C2_1_04.CDF 0.4887 0.00325 0.4971 0.0023 0.00811 0.00029 0.00025 1
Glc_BEAS2B_0h_GlucosaC1C2_2_03.CDF 0.49102 0.00193 0.49692 0.00157 0.00815 0.00022 2e-04 1
Glc_BEAS2B_0h_GlucosaC1C2_2_04.CDF 0.49069 0.00204 0.49729 0.00137 0.00818 0.00023 2e-04 1
Glc_BEAS2B_0h_GlucosaC1C2_3_02.CDF 0.48958 0.00194 0.49839 0.00148 0.00812 0.00028 0.00021 1
Glc_BEAS2B_0h_GlucosaC1C2_3_03.CDF 0.48854 0.0028 0.49834 0.00176 0.0081 0.00025 2e-04 1
Glc_BEAS2B_0h_GlucosaC1C2_3_04.CDF 0.48879 0.00227 0.49844 0.00181 0.00818 3e-04 0.00021 1
Glc_BEAS2B_24h_COLD_03.CDF 0.98036 0.00278 0.01585 0.00057 0.00037 5e-05 2e-05 1
Glc_BEAS2B_24h_GlucosaC1C2_1_01.CDF 0.4881 0.00267 0.4989 0.00159 0.00826 0.00028 2e-04 1
Glc_BEAS2B_24h_GlucosaC1C2_1_02.CDF 0.48836 0.00267 0.49838 0.00183 0.00824 0.00032 2e-04 1
Glc_BEAS2B_24h_GlucosaC1C2_1_03.CDF 0.48748 0.00371 0.49776 0.00227 0.00827 0.00031 0.00021 1
Glc_BEAS2B_24h_GlucosaC1C2_2_01.CDF 0.48789 0.00286 0.49842 0.00214 0.00816 0.00032 0.00021 1
Glc_BEAS2B_24h_GlucosaC1C2_2_02.CDF 0.48797 0.0027 0.49861 0.00185 0.00832 0.00033 0.00022 1
Glc_BEAS2B_24h_GlucosaC1C2_2_03.CDF 0.48776 0.00331 0.49777 0.00227 0.00832 0.00034 0.00023 1
Glc_BEAS2B_24h_GlucosaC1C2_3_03.CDF 0.4898 0.00215 0.49782 0.00164 0.00814 0.00025 2e-04 1
Glc_BEAS2B_24h_GlucosaC1C2_3_04.CDF 0.48961 0.00238 0.49772 0.00163 0.00824 0.00023 0.00019 1


*** All samples fully corrected **
20120713 A549 0H Glucosa C1C2 1_S200 G3_01.CDF 56.56 0.3 42.47 -0.08 0.7 0.02 0.02 100
20120713 A549 0H Glucosa C1C2 1_S200 G3_02.CDF 56.6 0.28 42.48 -0.1 0.7 0.01 0.02 100
20120713 A549 0H Glucosa C1C2 1_S200 G3_03.CDF 56.56 0.37 42.38 -0.05 0.7 0.02 0.02 100
20120713 A549 0H Glucosa C1C2 2_S200 G3_02.CDF 56.43 0.26 42.64 -0.06 0.7 0.02 0.02 100
20120713 A549 0H Glucosa C1C2 2_S200 G3_03.CDF 56.34 0.27 42.71 -0.05 0.71 0.01 0.02 100
20120713 A549 0H Glucosa C1C2 2_S50 G3_01.CDF 56.43 0.27 42.63 -0.08 0.71 0.02 0.02 100
20120713 A549 24H Glucosa C1C2 1_S100 G3_01.CDF 57.37 0.38 41.57 -0.06 0.69 0.03 0.02 100
20120713 A549 24H Glucosa C1C2 1_S100 G3_02.CDF 57.37 0.36 41.58 -0.02 0.68 0.02 0.02 100
20120713 A549 24H Glucosa C1C2 1_S100 G3_03.CDF 57.29 0.37 41.65 -0.05 0.7 0.02 0.02 100
20120713 A549 24H Glucosa C1C2 2_S100 G3_01.CDF 57.33 0.27 41.76 -0.07 0.68 0.01 0.01 100
20120713 A549 24H Glucosa C1C2 2_S100 G3_02.CDF 57.45 0.16 41.78 -0.11 0.69 0.01 0.02 100
20120713 A549 24H Glucosa C1C2 2_S100 G3_03.CDF 57.33 0.24 41.8 -0.08 0.69 0.01 0.01 100
20120713 A549 24H Glucosa C1C2 3_S100 G3_01.CDF 57.42 0.33 41.58 -0.05 0.69 0.02 0.02 100
20120713 A549 24H Glucosa C1C2 3_S100 G3_02.CDF 57.36 0.33 41.63 -0.05 0.69 0.02 0.02 100
20120713 A549 24H Glucosa C1C2 3_S100 G3_03.CDF 57.36 0.34 41.6 -0.02 0.69 0.02 0.02 100
20120713 A549 Cold_S100 G3_001.CDF 100 0 0 0 0 0 0 100
20120720 NCI 0h Glucosa C1C2 1_02.CDF 55.07 0.28 43.81 0.08 0.73 0.01 0.02 100
20120720 NCI 0h Glucosa C1C2 1_03.CDF 55.1 0.29 43.76 0.09 0.73 0.01 0.02 100
20120720 NCI 0h Glucosa C1C2 1_04.CDF 55.07 0.29 43.8 0.08 0.73 0.01 0.02 100
20120720 NCI 0h Glucosa C1C2 2_02.CDF 54.87 0.33 43.95 0.08 0.74 0.02 0.02 100
20120720 NCI 0h Glucosa C1C2 2_03.CDF 54.91 0.33 43.91 0.09 0.74 0.02 0.02 100
20120720 NCI 0h Glucosa C1C2 2_04.CDF 54.87 0.32 43.95 0.09 0.74 0.01 0.02 100
20120720 NCI 24h Glucosa C1C2 1_01.CDF 57.21 0.21 41.83 0 0.71 0.02 0.02 100
20120720 NCI 24h Glucosa C1C2 1_02.CDF 57.04 0.34 41.79 0.08 0.71 0.03 0.02 100
20120720 NCI 24h Glucosa C1C2 1_03.CDF 57.04 0.31 41.84 0.04 0.72 0.02 0.02 100
20120720 NCI 24h Glucosa C1C2 2_01.CDF 56.72 0.12 42.46 -0.04 0.71 0.02 0.02 100
20120720 NCI 24h Glucosa C1C2 2_02.CDF 56.49 0.3 42.41 0.04 0.72 0.02 0.02 100
20120720 NCI 24h Glucosa C1C2 2_03.CDF 56.45 0.31 42.44 0.04 0.72 0.02 0.02 100
20120720 NCI 24h Glucosa C1C2 3_01.CDF 57.63 0.19 41.44 0 0.71 0.02 0.02 100
20120720 NCI 24h Glucosa C1C2 3_02.CDF 57.42 0.32 41.46 0.04 0.72 0.02 0.02 100
20120720 NCI 24h Glucosa C1C2 3_03.CDF 57.43 0.32 41.43 0.06 0.72 0.02 0.02 100
20120720 NCI Cold 1_02.CDF 99.71 0.24 0.04 0 0 0 0 100
Glc_BEAS2B_0h_GlucosaC1C2_1_02.CDF 50.62 0.3 48.12 0.16 0.77 0.02 0.01 100
Glc_BEAS2B_0h_GlucosaC1C2_1_03.CDF 50.61 0.35 48.06 0.14 0.8 0.02 0.02 100
Glc_BEAS2B_0h_GlucosaC1C2_1_04.CDF 50.59 0.34 48.08 0.18 0.77 0.02 0.02 100
Glc_BEAS2B_0h_GlucosaC1C2_2_03.CDF 50.82 0.2 48.06 0.11 0.77 0.01 0.01 100
Glc_BEAS2B_0h_GlucosaC1C2_2_04.CDF 50.79 0.22 48.1 0.09 0.78 0.01 0.01 100
Glc_BEAS2B_0h_GlucosaC1C2_3_02.CDF 50.68 0.21 48.21 0.1 0.77 0.02 0.01 100
Glc_BEAS2B_0h_GlucosaC1C2_3_03.CDF 50.58 0.29 48.21 0.13 0.77 0.02 0.01 100
Glc_BEAS2B_0h_GlucosaC1C2_3_04.CDF 50.6 0.24 48.22 0.13 0.78 0.02 0.01 100
Glc_BEAS2B_24h_COLD_03.CDF 99.76 0.29 -0.04 0.01 -0.01 0 0 100
Glc_BEAS2B_24h_GlucosaC1C2_1_01.CDF 50.53 0.28 48.26 0.11 0.78 0.02 0.01 100
Glc_BEAS2B_24h_GlucosaC1C2_1_02.CDF 50.56 0.28 48.21 0.14 0.78 0.02 0.01 100
Glc_BEAS2B_24h_GlucosaC1C2_1_03.CDF 50.47 0.38 48.15 0.18 0.78 0.02 0.01 100
Glc_BEAS2B_24h_GlucosaC1C2_2_01.CDF 50.51 0.3 48.22 0.17 0.77 0.02 0.02 100
Glc_BEAS2B_24h_GlucosaC1C2_2_02.CDF 50.52 0.28 48.23 0.14 0.79 0.02 0.02 100
Glc_BEAS2B_24h_GlucosaC1C2_2_03.CDF 50.5 0.34 48.15 0.18 0.79 0.02 0.02 100
Glc_BEAS2B_24h_GlucosaC1C2_3_03.CDF 50.7 0.23 48.15 0.12 0.77 0.02 0.01 100
Glc_BEAS2B_24h_GlucosaC1C2_3_04.CDF 50.68 0.25 48.14 0.12 0.78 0.01 0.01 100


*Correction:  -0.01473 -0.0024 0.01407 0.00231 0.00055 0.00013 7e-05


---- Glutamate2-4  ---
*** MID for each injection, corrected only for natural 13C, 29,30Si, 33,34S ***
20121108 A549 24h Glucosa_C1C2 1_01.CDF 0.87275 0.11143 0.01346 0.00236 1
20121108 A549 24h Glucosa_C1C2 1_02.CDF 0.87273 0.11143 0.01349 0.00234 1
20121108 A549 24h Glucosa_C1C2 1_03.CDF 0.87274 0.11152 0.0134 0.00233 1
20121108 A549 24h Glucosa_C1C2 2_01.CDF 0.87295 0.11124 0.01337 0.00244 1
20121108 A549 24h Glucosa_C1C2 2_02.CDF 0.87254 0.11169 0.01337 0.0024 1
20121108 A549 24h Glucosa_C1C2 2_03.CDF 0.87236 0.11169 0.01354 0.0024 1
20121108 A549 24h Glucosa_C1C2 3_01.CDF 0.8726 0.11131 0.01364 0.00245 1
20121108 A549 24h Glucosa_C1C2 3_02.CDF 0.87245 0.11145 0.01369 0.0024 1
20121108 A549 24h Glucosa_C1C2 3_03.CDF 0.87211 0.11184 0.01361 0.00244 1
20121108 A549 24h Glutamina_C3 1_01.CDF 0.2403 0.7078 0.04421 0.0077 1
20121108 A549 24h Glutamina_C3 1_02.CDF 0.24047 0.70771 0.04403 0.00779 1
20121108 A549 24h Glutamina_C3 1_03.CDF 0.24032 0.70738 0.04438 0.00791 1
20121108 A549 24h Glutamina_C3 2_01.CDF 0.23552 0.71246 0.04413 0.0079 1
20121108 A549 24h Glutamina_C3 2_02.CDF 0.23558 0.71212 0.04447 0.00783 1
20121108 A549 24h Glutamina_C3 2_03.CDF 0.23556 0.71217 0.04445 0.00782 1
20121108 A549 24h Glutamina_C3 3_01.CDF 0.23179 0.71578 0.04452 0.00792 1
20121108 A549 24h Glutamina_C3 3_02.CDF 0.23162 0.71577 0.04467 0.00794 1
20121108 A549 24h Glutamina_C3 3_03.CDF 0.23168 0.71555 0.0449 0.00787 1
20121108 A549 Cold 1_02.CDF 0.90354 0.08454 0.01014 0.00178 1
20121108 NCIH460 24h Glucosa_C1C2 1_01.CDF 0.85599 0.12399 0.0169 0.00312 1
20121108 NCIH460 24h Glucosa_C1C2 1_02.CDF 0.85609 0.12388 0.01685 0.00317 1
20121108 NCIH460 24h Glucosa_C1C2 1_03.CDF 0.8558 0.12411 0.01698 0.00311 1
20121108 NCIH460 24h Glucosa_C1C2 2_01.CDF 0.85926 0.12126 0.01642 0.00306 1
20121108 NCIH460 24h Glucosa_C1C2 2_02.CDF 0.86015 0.12055 0.01631 0.00299 1
20121108 NCIH460 24h Glucosa_C1C2 2_03.CDF 0.86039 0.12032 0.01631 0.00298 1
20121108 NCIH460 24h Glucosa_C1C2 3_01.CDF 0.85699 0.12289 0.01691 0.00321 1
20121108 NCIH460 24h Glucosa_C1C2 3_02.CDF 0.85686 0.12322 0.01677 0.00315 1
20121108 NCIH460 24h Glucosa_C1C2 3_03.CDF 0.85701 0.12302 0.01689 0.00309 1
20121108 NCIH460 24h Glutamina_C3 1_01.CDF 0.25722 0.69312 0.04208 0.00758 1
20121108 NCIH460 24h Glutamina_C3 1_02.CDF 0.25724 0.69338 0.04187 0.00751 1
20121108 NCIH460 24h Glutamina_C3 1_03.CDF 0.2572 0.69325 0.042 0.00756 1
20121108 NCIH460 24h Glutamina_C3 2_01.CDF 0.2371 0.71268 0.04253 0.00768 1
20121108 NCIH460 24h Glutamina_C3 2_02.CDF 0.23684 0.71297 0.04245 0.00775 1
20121108 NCIH460 24h Glutamina_C3 2_03.CDF 0.23766 0.71209 0.0427 0.00755 1
20121108 NCIH460 24h Glutamina_C3 3_01.CDF 0.2631 0.68763 0.04184 0.00743 1
20121108 NCIH460 24h Glutamina_C3 3_02.CDF 0.26304 0.68753 0.04188 0.00755 1
20121108 NCIH460 24h Glutamina_C3 3_03.CDF 0.26322 0.6873 0.04199 0.00749 1
20121108 NCIH460 Cold 1_01.CDF 0.90126 0.08683 0.01017 0.00173 1
Glu_BEAS2B_24h_COLD_1_02.CDF 0.89096 0.09307 0.01234 0.00363 1
Glu_BEAS2B_24h_GlucosaC1C2_1_01.CDF 0.88817 0.09611 0.01249 0.00324 1
Glu_BEAS2B_24h_GlucosaC1C2_1_02.CDF 0.88879 0.09575 0.01234 0.00312 1
Glu_BEAS2B_24h_GlucosaC1C2_2_01.CDF 0.88798 0.09619 0.01252 0.00331 1
Glu_BEAS2B_24h_GlucosaC1C2_2_02.CDF 0.8883 0.09599 0.01246 0.00326 1
Glu_BEAS2B_24h_GlucosaC1C2_3_01.CDF 0.88757 0.09632 0.01268 0.00343 1
Glu_BEAS2B_24h_GlucosaC1C2_3_02.CDF 0.88868 0.0957 0.01239 0.00323 1
Glu_BEAS2B_24h_GlutaminaC1_1_01.CDF 0.09164 0.85008 0.04761 0.01067 1
Glu_BEAS2B_24h_GlutaminaC1_1_02.CDF 0.09076 0.85131 0.0474 0.01053 1
Glu_BEAS2B_24h_GlutaminaC1_2_01.CDF 0.09326 0.84812 0.04759 0.01103 1
Glu_BEAS2B_24h_GlutaminaC1_2_02.CDF 0.09109 0.85106 0.04717 0.01068 1
Glu_BEAS2B_24h_GlutaminaC1_3_01.CDF 0.09182 0.84999 0.04744 0.01076 1
Glu_BEAS2B_24h_GlutaminaC1_3_02.CDF 0.09167 0.85068 0.04708 0.01057 1


*** All samples fully corrected **
20121108 A549 24h Glucosa_C1C2 1_01.CDF 96.93 2.68 0.33 0.06 100
20121108 A549 24h Glucosa_C1C2 1_02.CDF 96.93 2.68 0.33 0.06 100
20121108 A549 24h Glucosa_C1C2 1_03.CDF 96.93 2.69 0.33 0.06 100
20121108 A549 24h Glucosa_C1C2 2_01.CDF 96.95 2.66 0.32 0.07 100
20121108 A549 24h Glucosa_C1C2 2_02.CDF 96.91 2.71 0.32 0.06 100
20121108 A549 24h Glucosa_C1C2 2_03.CDF 96.89 2.71 0.34 0.06 100
20121108 A549 24h Glucosa_C1C2 3_01.CDF 96.92 2.67 0.35 0.07 100
20121108 A549 24h Glucosa_C1C2 3_02.CDF 96.9 2.68 0.35 0.06 100
20121108 A549 24h Glucosa_C1C2 3_03.CDF 96.87 2.72 0.35 0.06 100
20121108 A549 24h Glutamina_C3 1_01.CDF 33.9 62.12 3.4 0.59 100
20121108 A549 24h Glutamina_C3 1_02.CDF 33.91 62.11 3.38 0.6 100
20121108 A549 24h Glutamina_C3 1_03.CDF 33.9 62.08 3.41 0.61 100
20121108 A549 24h Glutamina_C3 2_01.CDF 33.42 62.58 3.39 0.61 100
20121108 A549 24h Glutamina_C3 2_02.CDF 33.43 62.55 3.42 0.6 100
20121108 A549 24h Glutamina_C3 2_03.CDF 33.42 62.55 3.42 0.6 100
20121108 A549 24h Glutamina_C3 3_01.CDF 33.05 62.91 3.43 0.61 100
20121108 A549 24h Glutamina_C3 3_02.CDF 33.03 62.91 3.44 0.61 100
20121108 A549 24h Glutamina_C3 3_03.CDF 33.04 62.89 3.47 0.61 100
20121108 A549 Cold 1_02.CDF 100 0 0 0 100
20121108 NCIH460 24h Glucosa_C1C2 1_01.CDF 95.26 3.93 0.67 0.13 100
20121108 NCIH460 24h Glucosa_C1C2 1_02.CDF 95.27 3.92 0.67 0.14 100
20121108 NCIH460 24h Glucosa_C1C2 1_03.CDF 95.24 3.94 0.68 0.13 100
20121108 NCIH460 24h Glucosa_C1C2 2_01.CDF 95.59 3.66 0.63 0.13 100
20121108 NCIH460 24h Glucosa_C1C2 2_02.CDF 95.68 3.59 0.62 0.12 100
20121108 NCIH460 24h Glucosa_C1C2 2_03.CDF 95.7 3.56 0.62 0.12 100
20121108 NCIH460 24h Glucosa_C1C2 3_01.CDF 95.36 3.82 0.68 0.14 100
20121108 NCIH460 24h Glucosa_C1C2 3_02.CDF 95.35 3.85 0.66 0.14 100
20121108 NCIH460 24h Glucosa_C1C2 3_03.CDF 95.36 3.83 0.67 0.13 100
20121108 NCIH460 24h Glutamina_C3 1_01.CDF 35.58 60.65 3.18 0.58 100
20121108 NCIH460 24h Glutamina_C3 1_02.CDF 35.59 60.68 3.16 0.57 100
20121108 NCIH460 24h Glutamina_C3 1_03.CDF 35.58 60.67 3.18 0.58 100
20121108 NCIH460 24h Glutamina_C3 2_01.CDF 33.58 62.6 3.23 0.59 100
20121108 NCIH460 24h Glutamina_C3 2_02.CDF 33.55 62.63 3.22 0.6 100
20121108 NCIH460 24h Glutamina_C3 2_03.CDF 33.63 62.54 3.25 0.57 100
20121108 NCIH460 24h Glutamina_C3 3_01.CDF 36.17 60.11 3.16 0.56 100
20121108 NCIH460 24h Glutamina_C3 3_02.CDF 36.16 60.1 3.16 0.57 100
20121108 NCIH460 24h Glutamina_C3 3_03.CDF 36.18 60.07 3.17 0.57 100
20121108 NCIH460 Cold 1_01.CDF 99.77 0.23 0 0 100
Glu_BEAS2B_24h_COLD_1_02.CDF 98.75 0.85 0.22 0.18 100
Glu_BEAS2B_24h_GlucosaC1C2_1_01.CDF 98.47 1.15 0.23 0.14 100
Glu_BEAS2B_24h_GlucosaC1C2_1_02.CDF 98.53 1.12 0.22 0.13 100
Glu_BEAS2B_24h_GlucosaC1C2_2_01.CDF 98.45 1.16 0.24 0.15 100
Glu_BEAS2B_24h_GlucosaC1C2_2_02.CDF 98.48 1.14 0.23 0.15 100
Glu_BEAS2B_24h_GlucosaC1C2_3_01.CDF 98.41 1.17 0.25 0.16 100
Glu_BEAS2B_24h_GlucosaC1C2_3_02.CDF 98.52 1.11 0.22 0.14 100
Glu_BEAS2B_24h_GlutaminaC1_1_01.CDF 19.08 76.3 3.74 0.89 100
Glu_BEAS2B_24h_GlutaminaC1_1_02.CDF 18.99 76.42 3.72 0.87 100
Glu_BEAS2B_24h_GlutaminaC1_2_01.CDF 19.24 76.1 3.73 0.92 100
Glu_BEAS2B_24h_GlutaminaC1_2_02.CDF 19.02 76.4 3.69 0.89 100
Glu_BEAS2B_24h_GlutaminaC1_3_01.CDF 19.1 76.29 3.72 0.9 100
Glu_BEAS2B_24h_GlutaminaC1_3_02.CDF 19.08 76.36 3.68 0.88 100


*Correction:  -0.09433 0.07535 0.01324 0.00212


---- Glutamate2-5  ---
*** MID for each injection, corrected only for natural 13C, 29,30Si, 33,34S ***
20121108 A549 24h Glucosa_C1C2 1_01.CDF 0.95137 0.01437 0.03109 0.0014 0.00177 1
20121108 A549 24h Glucosa_C1C2 1_02.CDF 0.9516 0.01405 0.03116 0.00139 0.0018 1
20121108 A549 24h Glucosa_C1C2 1_03.CDF 0.9506 0.01492 0.0313 0.00143 0.00176 1
20121108 A549 24h Glucosa_C1C2 2_01.CDF 0.95235 0.01394 0.03063 0.00133 0.00176 1
20121108 A549 24h Glucosa_C1C2 2_02.CDF 0.95219 0.01397 0.0307 0.00134 0.0018 1
20121108 A549 24h Glucosa_C1C2 2_03.CDF 0.95146 0.01465 0.03078 0.00137 0.00174 1
20121108 A549 24h Glucosa_C1C2 3_01.CDF 0.95089 0.01446 0.03145 0.00139 0.00181 1
20121108 A549 24h Glucosa_C1C2 3_02.CDF 0.9508 0.01461 0.03142 0.00139 0.00178 1
20121108 A549 24h Glucosa_C1C2 3_03.CDF 0.95069 0.01461 0.03153 0.00141 0.00176 1
20121108 A549 24h Glutamina_C3 1_01.CDF 0.27008 0.71176 0.01285 0.00472 0.00058 1
20121108 A549 24h Glutamina_C3 1_02.CDF 0.27033 0.71151 0.01286 0.00471 0.00058 1
20121108 A549 24h Glutamina_C3 1_03.CDF 0.27072 0.71105 0.01286 0.00481 0.00056 1
20121108 A549 24h Glutamina_C3 2_01.CDF 0.26537 0.71701 0.01228 0.00476 0.00058 1
20121108 A549 24h Glutamina_C3 2_02.CDF 0.26535 0.71667 0.01267 0.00474 0.00057 1
20121108 A549 24h Glutamina_C3 2_03.CDF 0.26544 0.71649 0.01282 0.00468 0.00056 1
20121108 A549 24h Glutamina_C3 3_01.CDF 0.26158 0.72051 0.01258 0.00477 0.00056 1
20121108 A549 24h Glutamina_C3 3_02.CDF 0.26192 0.71988 0.01285 0.00478 0.00057 1
20121108 A549 24h Glutamina_C3 3_03.CDF 0.26174 0.72008 0.01276 0.00485 0.00056 1
20121108 A549 Cold 1_02.CDF 0.98617 0.00552 0.00655 0.00025 0.00151 1
20121108 NCIH460 24h Glucosa_C1C2 1_01.CDF 0.93322 0.01758 0.04448 0.00235 0.00237 1
20121108 NCIH460 24h Glucosa_C1C2 1_02.CDF 0.93289 0.01779 0.04467 0.00233 0.00231 1
20121108 NCIH460 24h Glucosa_C1C2 1_03.CDF 0.93253 0.01833 0.04445 0.00237 0.00232 1
20121108 NCIH460 24h Glucosa_C1C2 2_01.CDF 0.93665 0.01691 0.04186 0.00228 0.00229 1
20121108 NCIH460 24h Glucosa_C1C2 2_02.CDF 0.93765 0.0166 0.04122 0.00217 0.00237 1
20121108 NCIH460 24h Glucosa_C1C2 2_03.CDF 0.93698 0.01682 0.04178 0.00216 0.00226 1
20121108 NCIH460 24h Glucosa_C1C2 3_01.CDF 0.93393 0.01738 0.04403 0.00237 0.00228 1
20121108 NCIH460 24h Glucosa_C1C2 3_02.CDF 0.93334 0.01779 0.0441 0.00243 0.00234 1
20121108 NCIH460 24h Glucosa_C1C2 3_03.CDF 0.93377 0.01768 0.04394 0.00231 0.00229 1
20121108 NCIH460 24h Glutamina_C3 1_01.CDF 0.2877 0.69838 0.00885 0.00452 0.00055 1
20121108 NCIH460 24h Glutamina_C3 1_02.CDF 0.28755 0.69829 0.00893 0.00462 0.00061 1
20121108 NCIH460 24h Glutamina_C3 1_03.CDF 0.28824 0.69758 0.00912 0.0045 0.00057 1
20121108 NCIH460 24h Glutamina_C3 2_01.CDF 0.2679 0.71841 0.00847 0.00471 0.00052 1
20121108 NCIH460 24h Glutamina_C3 2_02.CDF 0.26781 0.7185 0.00837 0.00475 0.00056 1
20121108 NCIH460 24h Glutamina_C3 2_03.CDF 0.26718 0.71887 0.00868 0.00469 0.00058 1
20121108 NCIH460 24h Glutamina_C3 3_01.CDF 0.29343 0.6923 0.00918 0.00451 0.00058 1
20121108 NCIH460 24h Glutamina_C3 3_02.CDF 0.29396 0.69205 0.0088 0.00457 0.00061 1
20121108 NCIH460 24h Glutamina_C3 3_03.CDF 0.29374 0.6916 0.00952 0.00454 0.00059 1
20121108 NCIH460 Cold 1_01.CDF 0.98409 0.00793 0.0063 0.00022 0.00147 1
Glu_BEAS2B_24h_COLD_1_02.CDF 0.98563 0.00616 0.00655 2e-04 0.00146 1
Glu_BEAS2B_24h_GlucosaC1C2_1_01.CDF 0.978 0.00826 0.01152 0.00065 0.00157 1
Glu_BEAS2B_24h_GlucosaC1C2_1_02.CDF 0.97832 0.00801 0.01148 0.00063 0.00156 1
Glu_BEAS2B_24h_GlucosaC1C2_2_01.CDF 0.97851 0.00814 0.01118 0.00063 0.00154 1
Glu_BEAS2B_24h_GlucosaC1C2_2_02.CDF 0.97844 0.00809 0.01128 0.00061 0.00157 1
Glu_BEAS2B_24h_GlucosaC1C2_3_01.CDF 0.97889 0.0078 0.0112 0.00057 0.00155 1
Glu_BEAS2B_24h_GlucosaC1C2_3_02.CDF 0.97894 0.00783 0.0111 0.00058 0.00156 1


*** All samples fully corrected **
20121108 A549 24h Glucosa_C1C2 1_01.CDF 96.52 0.88 2.45 0.12 0.03 100
20121108 A549 24h Glucosa_C1C2 1_02.CDF 96.54 0.85 2.46 0.11 0.03 100
20121108 A549 24h Glucosa_C1C2 1_03.CDF 96.44 0.94 2.48 0.12 0.02 100
20121108 A549 24h Glucosa_C1C2 2_01.CDF 96.62 0.84 2.41 0.11 0.02 100
20121108 A549 24h Glucosa_C1C2 2_02.CDF 96.6 0.84 2.42 0.11 0.03 100
20121108 A549 24h Glucosa_C1C2 2_03.CDF 96.53 0.91 2.42 0.11 0.02 100
20121108 A549 24h Glucosa_C1C2 3_01.CDF 96.47 0.89 2.49 0.11 0.03 100
20121108 A549 24h Glucosa_C1C2 3_02.CDF 96.46 0.91 2.49 0.11 0.03 100
20121108 A549 24h Glucosa_C1C2 3_03.CDF 96.45 0.91 2.5 0.12 0.03 100
20121108 A549 24h Glutamina_C3 1_01.CDF 28.4 70.62 0.63 0.45 -0.09 100
20121108 A549 24h Glutamina_C3 1_02.CDF 28.43 70.59 0.63 0.45 -0.09 100
20121108 A549 24h Glutamina_C3 1_03.CDF 28.46 70.54 0.63 0.46 -0.1 100
20121108 A549 24h Glutamina_C3 2_01.CDF 27.93 71.14 0.57 0.45 -0.09 100
20121108 A549 24h Glutamina_C3 2_02.CDF 27.93 71.1 0.61 0.45 -0.09 100
20121108 A549 24h Glutamina_C3 2_03.CDF 27.94 71.09 0.63 0.44 -0.09 100
20121108 A549 24h Glutamina_C3 3_01.CDF 27.55 71.49 0.6 0.45 -0.1 100
20121108 A549 24h Glutamina_C3 3_02.CDF 27.58 71.43 0.63 0.45 -0.09 100
20121108 A549 24h Glutamina_C3 3_03.CDF 27.57 71.45 0.62 0.46 -0.1 100
20121108 A549 Cold 1_02.CDF 100 0 0 0 0 100
20121108 NCIH460 24h Glucosa_C1C2 1_01.CDF 94.7 1.21 3.79 0.21 0.09 100
20121108 NCIH460 24h Glucosa_C1C2 1_02.CDF 94.67 1.23 3.81 0.21 0.08 100
20121108 NCIH460 24h Glucosa_C1C2 1_03.CDF 94.64 1.28 3.79 0.21 0.08 100
20121108 NCIH460 24h Glucosa_C1C2 2_01.CDF 95.05 1.14 3.53 0.2 0.08 100
20121108 NCIH460 24h Glucosa_C1C2 2_02.CDF 95.15 1.11 3.47 0.19 0.09 100
20121108 NCIH460 24h Glucosa_C1C2 2_03.CDF 95.08 1.13 3.52 0.19 0.08 100
20121108 NCIH460 24h Glucosa_C1C2 3_01.CDF 94.78 1.19 3.75 0.21 0.08 100
20121108 NCIH460 24h Glucosa_C1C2 3_02.CDF 94.72 1.23 3.75 0.22 0.08 100
20121108 NCIH460 24h Glucosa_C1C2 3_03.CDF 94.76 1.22 3.74 0.21 0.08 100
20121108 NCIH460 24h Glutamina_C3 1_01.CDF 30.16 69.28 0.23 0.43 -0.1 100
20121108 NCIH460 24h Glutamina_C3 1_02.CDF 30.15 69.27 0.24 0.44 -0.09 100
20121108 NCIH460 24h Glutamina_C3 1_03.CDF 30.22 69.2 0.26 0.43 -0.09 100
20121108 NCIH460 24h Glutamina_C3 2_01.CDF 28.18 71.28 0.19 0.45 -0.1 100
20121108 NCIH460 24h Glutamina_C3 2_02.CDF 28.18 71.29 0.18 0.45 -0.09 100
20121108 NCIH460 24h Glutamina_C3 2_03.CDF 28.11 71.33 0.21 0.44 -0.09 100
20121108 NCIH460 24h Glutamina_C3 3_01.CDF 30.73 68.67 0.26 0.43 -0.09 100
20121108 NCIH460 24h Glutamina_C3 3_02.CDF 30.79 68.64 0.22 0.43 -0.09 100
20121108 NCIH460 24h Glutamina_C3 3_03.CDF 30.77 68.6 0.3 0.43 -0.09 100
20121108 NCIH460 Cold 1_01.CDF 99.79 0.24 -0.02 0 0 100
Glu_BEAS2B_24h_COLD_1_02.CDF 99.95 0.06 0 0 0 100
Glu_BEAS2B_24h_GlucosaC1C2_1_01.CDF 99.18 0.27 0.5 0.04 0.01 100
Glu_BEAS2B_24h_GlucosaC1C2_1_02.CDF 99.22 0.25 0.49 0.04 0 100
Glu_BEAS2B_24h_GlucosaC1C2_2_01.CDF 99.23 0.26 0.46 0.04 0 100
Glu_BEAS2B_24h_GlucosaC1C2_2_02.CDF 99.23 0.26 0.47 0.04 0.01 100
Glu_BEAS2B_24h_GlucosaC1C2_3_01.CDF 99.27 0.23 0.46 0.03 0 100
Glu_BEAS2B_24h_GlucosaC1C2_3_02.CDF 99.28 0.23 0.46 0.03 0 100


*Correction:  -0.01306 0.00435 0.00653 0.00053 0.00149


---- Lactate  ---
*** MID for each injection, corrected only for natural 13C, 29,30Si, 33,34S ***
20120905 A549 24h Glucosa_C1C2 1_03.CDF 0.79504 0.02427 0.17918 0.00151 1
20120905 A549 24h Glucosa_C1C2 1_04.CDF 0.79418 0.0249 0.17941 0.00151 1
20120905 A549 24h Glucosa_C1C2 1_05.CDF 0.79542 0.02454 0.17856 0.00148 1
20120905 A549 24h Glucosa_C1C2 2_01.CDF 0.79198 0.02458 0.18194 0.0015 1
20120905 A549 24h Glucosa_C1C2 2_02.CDF 0.79242 0.02468 0.18139 0.00151 1
20120905 A549 24h Glucosa_C1C2 2_03.CDF 0.79157 0.02473 0.18212 0.00158 1
20120905 A549 24h Glucosa_C1C2 3_01.CDF 0.793 0.02419 0.18131 0.00151 1
20120905 A549 24h Glucosa_C1C2 3_02.CDF 0.79241 0.02458 0.18151 0.0015 1
20120905 A549 24h Glucosa_C1C2 3_03.CDF 0.79256 0.02441 0.18149 0.00154 1
20120905 A549 Cold 1_02.CDF 0.99453 -0.00083 0.00613 0.00017 1
20120905 NCI460 24h Glucosa_C1C2 1_03.CDF 0.78239 0.02393 0.19163 0.00205 1
20120905 NCI460 24h Glucosa_C1C2 1_04.CDF 0.78285 0.02356 0.19148 0.00211 1
20120905 NCI460 24h Glucosa_C1C2 1_05.CDF 0.78169 0.02419 0.19215 0.00197 1
20120905 NCI460 24h Glucosa_C1C2 2_01.CDF 0.78285 0.02362 0.19159 0.00194 1
20120905 NCI460 24h Glucosa_C1C2 2_02.CDF 0.78374 0.02317 0.19114 0.00195 1
20120905 NCI460 24h Glucosa_C1C2 2_03.CDF 0.78364 0.02338 0.19097 0.00201 1
20120905 NCI460 24h Glucosa_C1C2 3_01.CDF 0.78261 0.02387 0.19141 0.00211 1
20120905 NCI460 24h Glucosa_C1C2 3_02.CDF 0.78216 0.02404 0.1918 0.00201 1
20120905 NCI460 24h Glucosa_C1C2 3_03.CDF 0.78334 0.02343 0.19121 0.00203 1
20120905 NCI460 Cold 1_03.CDF 0.99155 0.00182 0.00643 0.00021 1
Glc_BEAS2B_24h_COLD_03.CDF 0.92319 0.02356 0.02115 0.03209 1
Glc_BEAS2B_24h_GlucosaC1C2_1_01.CDF 0.46981 0.02383 0.4726 0.03376 1
Glc_BEAS2B_24h_GlucosaC1C2_1_02.CDF 0.45639 0.02804 0.46823 0.04734 1
Glc_BEAS2B_24h_GlucosaC1C2_1_03.CDF 0.46543 0.02528 0.46454 0.04475 1
Glc_BEAS2B_24h_GlucosaC1C2_2_01.CDF 0.45487 0.03424 0.47029 0.0406 1
Glc_BEAS2B_24h_GlucosaC1C2_2_02.CDF 0.45677 0.03084 0.4632 0.04919 1
Glc_BEAS2B_24h_GlucosaC1C2_2_03.CDF 0.39152 0.01575 0.4045 0.18823 1
Glc_BEAS2B_24h_GlucosaC1C2_3_03.CDF 0.46304 0.03421 0.47214 0.03061 1
Glc_BEAS2B_24h_GlucosaC1C2_3_04.CDF 0.44515 0.01254 0.43502 0.10729 1
Lac_BEAS2B_24h_COLD_02.CDF 0.99035 0.00342 0.00607 0.00016 1
Lac_BEAS2B_24h_GlucosaC1C2_1_02.CDF 0.74718 0.03614 0.21387 0.00281 1
Lac_BEAS2B_24h_GlucosaC1C2_1_03.CDF 0.74766 0.03595 0.21333 0.00305 1
Lac_BEAS2B_24h_GlucosaC1C2_2_02.CDF 0.74676 0.03639 0.2139 0.00295 1
Lac_BEAS2B_24h_GlucosaC1C2_2_03.CDF 0.74763 0.03591 0.21362 0.00284 1
Lac_BEAS2B_24h_GlucosaC1C2_3_01.CDF 0.74716 0.03641 0.21344 0.00299 1
Lac_BEAS2B_24h_GlucosaC1C2_3_02.CDF 0.74756 0.03625 0.21333 0.00285 1


*** All samples fully corrected **
20120905 A549 24h Glucosa_C1C2 1_03.CDF 80.05 2.51 17.3 0.13 100
20120905 A549 24h Glucosa_C1C2 1_04.CDF 79.97 2.57 17.33 0.13 100
20120905 A549 24h Glucosa_C1C2 1_05.CDF 80.09 2.54 17.24 0.13 100
20120905 A549 24h Glucosa_C1C2 2_01.CDF 79.75 2.54 17.58 0.13 100
20120905 A549 24h Glucosa_C1C2 2_02.CDF 79.79 2.55 17.52 0.14 100
20120905 A549 24h Glucosa_C1C2 2_03.CDF 79.7 2.56 17.6 0.14 100
20120905 A549 24h Glucosa_C1C2 3_01.CDF 79.85 2.5 17.52 0.13 100
20120905 A549 24h Glucosa_C1C2 3_02.CDF 79.79 2.54 17.54 0.13 100
20120905 A549 24h Glucosa_C1C2 3_03.CDF 79.8 2.52 17.54 0.14 100
20120905 A549 Cold 1_02.CDF 100 0 0 0 100
20120905 NCI460 24h Glucosa_C1C2 1_03.CDF 78.79 2.48 18.55 0.19 100
20120905 NCI460 24h Glucosa_C1C2 1_04.CDF 78.83 2.44 18.53 0.19 100
20120905 NCI460 24h Glucosa_C1C2 1_05.CDF 78.72 2.5 18.6 0.18 100
20120905 NCI460 24h Glucosa_C1C2 2_01.CDF 78.83 2.44 18.55 0.18 100
20120905 NCI460 24h Glucosa_C1C2 2_02.CDF 78.92 2.4 18.5 0.18 100
20120905 NCI460 24h Glucosa_C1C2 2_03.CDF 78.91 2.42 18.48 0.18 100
20120905 NCI460 24h Glucosa_C1C2 3_01.CDF 78.81 2.47 18.53 0.19 100
20120905 NCI460 24h Glucosa_C1C2 3_02.CDF 78.76 2.49 18.57 0.18 100
20120905 NCI460 24h Glucosa_C1C2 3_03.CDF 78.88 2.43 18.51 0.19 100
20120905 NCI460 Cold 1_03.CDF 99.7 0.26 0.03 0 100
Glc_BEAS2B_24h_COLD_03.CDF 92.87 2.44 1.5 3.19 100
Glc_BEAS2B_24h_GlucosaC1C2_1_01.CDF 47.54 2.47 46.63 3.36 100
Glc_BEAS2B_24h_GlucosaC1C2_1_02.CDF 46.2 2.89 46.19 4.72 100
Glc_BEAS2B_24h_GlucosaC1C2_1_03.CDF 47.11 2.61 45.82 4.46 100
Glc_BEAS2B_24h_GlucosaC1C2_2_01.CDF 46.05 3.51 46.4 4.04 100
Glc_BEAS2B_24h_GlucosaC1C2_2_02.CDF 46.24 3.17 45.69 4.9 100
Glc_BEAS2B_24h_GlucosaC1C2_2_03.CDF 39.72 1.66 39.82 18.8 100
Glc_BEAS2B_24h_GlucosaC1C2_3_03.CDF 46.87 3.51 46.59 3.04 100
Glc_BEAS2B_24h_GlucosaC1C2_3_04.CDF 45.08 1.34 42.86 10.71 100
Lac_BEAS2B_24h_COLD_02.CDF 99.58 0.43 -0.01 0 100
Lac_BEAS2B_24h_GlucosaC1C2_1_02.CDF 75.27 3.7 20.77 0.26 100
Lac_BEAS2B_24h_GlucosaC1C2_1_03.CDF 75.31 3.68 20.72 0.29 100
Lac_BEAS2B_24h_GlucosaC1C2_2_02.CDF 75.22 3.72 20.77 0.28 100
Lac_BEAS2B_24h_GlucosaC1C2_2_03.CDF 75.31 3.67 20.75 0.27 100
Lac_BEAS2B_24h_GlucosaC1C2_3_01.CDF 75.27 3.72 20.73 0.28 100
Lac_BEAS2B_24h_GlucosaC1C2_3_02.CDF 75.31 3.71 20.72 0.27 100


*Correction:  -0.00493 -0.0013 0.00551 0.00065


---- Malate  ---
*** MID for each injection, corrected only for natural 13C, 29,30Si, 33,34S ***
A549_GlutaminaC1_1_01.CDF 0.29008 0.69641 0.0096 0.0041 -0.00019 1
A549_GlutaminaC1_1_02.CDF 0.29282 0.69763 0.00589 0.00465 -0.00099 1
A549_GlutaminaC1_1_03.CDF 0.28871 0.69244 0.01321 0.00549 0.00015 1
A549_GlutaminaC1_2_01.CDF 0.29625 0.69684 0.00422 0.00361 -0.00092 1
A549_GlutaminaC1_2_02.CDF 0.29364 0.69534 0.00554 0.00557 -9e-05 1
A549_GlutaminaC1_2_03.CDF 0.29154 0.69675 0.00726 0.00469 -0.00024 1
A549_GlutaminaC1_3_01.CDF 0.29102 0.69415 0.01188 0.00142 0.00153 1
A549_GlutaminaC1_3_02.CDF 0.29877 0.69519 -4e-05 0.00452 0.00155 1
A549_GlutaminaC1_3_03.CDF 0.29807 0.69019 0.007 0.00551 -0.00077 1
BEAS2B_COLD_1_02.CDF 1.0015 -0.01293 0.01231 -0.00098 1e-04 1
BEAS2B_GlutaminaC1_1_01.CDF 0.26046 0.72802 0.00796 0.00353 2e-05 1
BEAS2B_GlutaminaC1_1_02.CDF 0.25638 0.73239 0.00591 0.00549 -0.00018 1
BEAS2B_GlutaminaC1_2_01.CDF 0.23998 0.7448 0.00867 0.00746 -0.00091 1
BEAS2B_GlutaminaC1_2_02.CDF 0.24197 0.74008 0.01122 0.0067 3e-05 1
BEAS2B_GlutaminaC1_3_01.CDF 0.25168 0.73748 0.00742 0.00313 0.00029 1
BEAS2B_GlutaminaC1_3_02.CDF 0.24799 0.73953 0.00707 0.00594 -0.00054 1
NCIH460_GlutaminaC1_1_01.CDF 0.30224 0.68503 0.00712 0.00638 -0.00076 1
NCIH460_GlutaminaC1_1_02.CDF 0.30646 0.68216 0.00672 0.00495 -0.00029 1
NCIH460_GlutaminaC1_1_03.CDF 0.30676 0.67756 0.00939 0.00611 0.00018 1
NCIH460_GlutaminaC1_2_01.CDF 0.30354 0.6852 0.00581 0.00597 -0.00052 1
NCIH460_GlutaminaC1_2_02.CDF 0.30651 0.68535 0.00394 0.00415 6e-05 1
NCIH460_GlutaminaC1_2_03.CDF 0.29576 0.68736 0.01096 0.00614 -0.00022 1
NCIH460_GlutaminaC1_3_01.CDF 0.32251 0.66868 0.0032 0.00568 -7e-05 1
NCIH460_GlutaminaC1_3_02.CDF 0.32153 0.6677 0.00486 0.0063 -0.00039 1
NCIH460_GlutaminaC1_3_03.CDF 0.31452 0.66931 0.00892 0.00751 -0.00025 1


*** All samples fully corrected **
A549_GlutaminaC1_1_01.CDF 28.85 70.94 -0.27 0.51 -0.03 100
A549_GlutaminaC1_1_02.CDF 29.13 71.06 -0.64 0.56 -0.11 100
A549_GlutaminaC1_1_03.CDF 28.72 70.54 0.09 0.65 0 100
A549_GlutaminaC1_2_01.CDF 29.47 70.98 -0.81 0.46 -0.1 100
A549_GlutaminaC1_2_02.CDF 29.21 70.83 -0.68 0.66 -0.02 100
A549_GlutaminaC1_2_03.CDF 29 70.97 -0.5 0.57 -0.03 100
A549_GlutaminaC1_3_01.CDF 28.95 70.71 -0.04 0.24 0.14 100
A549_GlutaminaC1_3_02.CDF 29.72 70.82 -1.23 0.55 0.14 100
A549_GlutaminaC1_3_03.CDF 29.65 70.32 -0.53 0.65 -0.09 100
BEAS2B_COLD_1_02.CDF 100 0 0 0 0 100
BEAS2B_GlutaminaC1_1_01.CDF 25.89 74.1 -0.43 0.45 -0.01 100
BEAS2B_GlutaminaC1_1_02.CDF 25.48 74.54 -0.64 0.65 -0.03 100
BEAS2B_GlutaminaC1_2_01.CDF 23.84 75.78 -0.36 0.84 -0.1 100
BEAS2B_GlutaminaC1_2_02.CDF 24.04 75.31 -0.11 0.77 -0.01 100
BEAS2B_GlutaminaC1_3_01.CDF 25.01 75.05 -0.49 0.41 0.02 100
BEAS2B_GlutaminaC1_3_02.CDF 24.64 75.25 -0.52 0.69 -0.06 100
NCIH460_GlutaminaC1_1_01.CDF 30.07 69.8 -0.52 0.74 -0.09 100
NCIH460_GlutaminaC1_1_02.CDF 30.49 69.51 -0.56 0.59 -0.04 100
NCIH460_GlutaminaC1_1_03.CDF 30.52 69.05 -0.29 0.71 0.01 100
NCIH460_GlutaminaC1_2_01.CDF 30.2 69.82 -0.65 0.7 -0.06 100
NCIH460_GlutaminaC1_2_02.CDF 30.5 69.83 -0.84 0.51 0 100
NCIH460_GlutaminaC1_2_03.CDF 29.42 70.03 -0.14 0.71 -0.03 100
NCIH460_GlutaminaC1_3_01.CDF 32.1 68.17 -0.91 0.67 -0.02 100
NCIH460_GlutaminaC1_3_02.CDF 32 68.07 -0.74 0.73 -0.05 100
NCIH460_GlutaminaC1_3_03.CDF 31.3 68.23 -0.34 0.85 -0.03 100


*Correction:  0.00101 -0.00806 0.00543 0.00076 0.00081


---- Ribose  ---
*** MID for each injection, corrected only for natural 13C, 29,30Si, 33,34S ***
20120719 A549 24h Glucosa C1C2 1_01.CDF 0.72946 0.1579 0.07614 0.02595 0.0097 0.00085 1
20120719 A549 24h Glucosa C1C2 1_02.CDF 0.72916 0.15845 0.07597 0.02595 0.0096 0.00087 1
20120719 A549 24h Glucosa C1C2 1_03.CDF 0.72894 0.158 0.07613 0.02627 0.00972 0.00094 1
20120719 A549 24h Glucosa C1C2 2_01.CDF 0.72778 0.15903 0.07646 0.02614 0.00975 0.00084 1
20120719 A549 24h Glucosa C1C2 2_02.CDF 0.72672 0.15889 0.07725 0.02634 0.00998 0.00082 1
20120719 A549 24h Glucosa C1C2 2_03.CDF 0.72686 0.15926 0.07676 0.02643 0.00987 0.00081 1
20120719 A549 24h Glucosa C1C2 3_01.CDF 0.72469 0.16084 0.07748 0.02623 0.00992 0.00084 1
20120719 A549 24h Glucosa C1C2 3_02.CDF 0.72499 0.1605 0.07752 0.02629 0.00989 0.00082 1
20120719 A549 24h Glucosa C1C2 3_03.CDF 0.72322 0.16146 0.07757 0.02675 0.01011 0.00089 1
20120903 Cold ribosa_01.CDF 0.98485 0.00075 0.01223 0.00035 0.00173 9e-05 1
20120903 NCIH460 24h Glucosa  C1C2 1_02.CDF 0.68342 0.16014 0.11427 0.02311 0.01832 0.00074 1
20120903 NCIH460 24h Glucosa  C1C2 1_03.CDF 0.6837 0.1605 0.11398 0.0228 0.01824 0.00079 1
