
---- Aspartate  ---
*** MID for each injection, corrected only for natural 13C, 29,30Si, 33,34S ***
A549_GlutaminaC1_1_01.CDF 0.24923 0.72456 0.00931 0.00506 0.01185 1
A549_GlutaminaC1_1_02.CDF 0.25248 0.72112 0.00924 0.00534 0.01182 1
A549_GlutaminaC1_1_03.CDF 0.25632 0.71667 0.01014 0.00539 0.01149 1
A549_GlutaminaC1_2_01.CDF 0.24906 0.72636 0.00947 0.00493 0.01019 1
A549_GlutaminaC1_2_02.CDF 0.25193 0.72274 0.0094 0.00508 0.01085 1
A549_GlutaminaC1_2_03.CDF 0.25505 0.7173 0.0103 0.00525 0.01209 1
A549_GlutaminaC1_3_01.CDF 0.24759 0.72715 0.01007 0.00529 0.0099 1
A549_GlutaminaC1_3_02.CDF 0.24891 0.72491 0.00945 0.005 0.01173 1
A549_GlutaminaC1_3_03.CDF 0.25235 0.71968 0.01047 0.00519 0.01231 1
BEAS2B_COLD_1_02.CDF 0.97095 0.00466 0.00716 0.01814 -0.00091 1
BEAS2B_GlutaminaC1_1_01.CDF 0.23556 0.73642 0.00984 0.00614 0.01204 1
BEAS2B_GlutaminaC1_1_02.CDF 0.23882 0.73396 0.01017 0.00595 0.01111 1
BEAS2B_GlutaminaC1_2_01.CDF 0.22451 0.74849 0.00874 0.00643 0.01182 1
BEAS2B_GlutaminaC1_2_02.CDF 0.22642 0.7459 0.01004 0.00648 0.01116 1
BEAS2B_GlutaminaC1_3_01.CDF 0.22966 0.7419 0.00936 0.00641 0.01267 1
BEAS2B_GlutaminaC1_3_02.CDF 0.23158 0.74057 0.00963 0.00599 0.01223 1
NCIH460_GlutaminaC1_1_01.CDF 0.27266 0.70337 0.00667 0.00531 0.01199 1
NCIH460_GlutaminaC1_1_02.CDF 0.27359 0.70314 0.00696 0.00512 0.0112 1
NCIH460_GlutaminaC1_1_03.CDF 0.27689 0.69988 0.00721 0.00563 0.01039 1
NCIH460_GlutaminaC1_2_01.CDF 0.26855 0.70684 0.00721 0.00544 0.01196 1
NCIH460_GlutaminaC1_2_02.CDF 0.26998 0.70609 0.00684 0.00571 0.01138 1
NCIH460_GlutaminaC1_2_03.CDF 0.27275 0.70249 0.00772 0.00575 0.01128 1
NCIH460_GlutaminaC1_3_01.CDF 0.2836 0.69321 0.00666 0.00518 0.01134 1
NCIH460_GlutaminaC1_3_02.CDF 0.28427 0.69274 0.00669 0.00527 0.01102 1
NCIH460_GlutaminaC1_3_03.CDF 0.28672 0.68916 0.00721 0.00568 0.01123 1


*** All samples fully corrected **
A549_GlutaminaC1_1_01.CDF 0.27958 0.71874 0.00211 -0.01317 0.01274 1
A549_GlutaminaC1_1_02.CDF 0.28282 0.71531 0.00204 -0.01288 0.01271 1
A549_GlutaminaC1_1_03.CDF 0.28665 0.71087 0.00293 -0.01284 0.01238 1
A549_GlutaminaC1_2_01.CDF 0.27939 0.72055 0.00227 -0.01329 0.01108 1
A549_GlutaminaC1_2_02.CDF 0.28227 0.71693 0.0022 -0.01315 0.01174 1
A549_GlutaminaC1_2_03.CDF 0.28539 0.7115 0.0031 -0.01297 0.01298 1
A549_GlutaminaC1_3_01.CDF 0.27793 0.72134 0.00287 -0.01293 0.01079 1
A549_GlutaminaC1_3_02.CDF 0.27926 0.7191 0.00225 -0.01323 0.01262 1
A549_GlutaminaC1_3_03.CDF 0.2827 0.71387 0.00326 -0.01304 0.0132 1
BEAS2B_COLD_1_02.CDF 1 0 0 0 0 1
BEAS2B_GlutaminaC1_1_01.CDF 0.26594 0.73058 0.00264 -0.01209 0.01293 1
BEAS2B_GlutaminaC1_1_02.CDF 0.26918 0.72813 0.00297 -0.01228 0.012 1
BEAS2B_GlutaminaC1_2_01.CDF 0.25491 0.74264 0.00154 -0.0118 0.01272 1
BEAS2B_GlutaminaC1_2_02.CDF 0.25681 0.74005 0.00284 -0.01175 0.01206 1
BEAS2B_GlutaminaC1_3_01.CDF 0.26006 0.73606 0.00215 -0.01183 0.01356 1
BEAS2B_GlutaminaC1_3_02.CDF 0.26196 0.73473 0.00242 -0.01224 0.01313 1
NCIH460_GlutaminaC1_1_01.CDF 0.30297 0.69759 -0.00053 -0.01291 0.01288 1
NCIH460_GlutaminaC1_1_02.CDF 0.30389 0.69736 -0.00024 -0.0131 0.01209 1
NCIH460_GlutaminaC1_1_03.CDF 0.30718 0.69411 2e-05 -0.01259 0.01128 1
NCIH460_GlutaminaC1_2_01.CDF 0.29887 0.70105 1e-05 -0.01278 0.01285 1
NCIH460_GlutaminaC1_2_02.CDF 0.30029 0.7003 -0.00035 -0.01251 0.01227 1
NCIH460_GlutaminaC1_2_03.CDF 0.30306 0.69671 0.00052 -0.01247 0.01218 1
NCIH460_GlutaminaC1_3_01.CDF 0.31389 0.68745 -0.00053 -0.01304 0.01223 1
NCIH460_GlutaminaC1_3_02.CDF 0.31456 0.68698 -0.00051 -0.01295 0.01191 1
NCIH460_GlutaminaC1_3_03.CDF 0.317 0.6834 2e-05 -0.01254 0.01212 1


*Correction:  -0.01966 -0.00388 0.00276 0.01509 0.00415


---- Citrate  ---
*** MID for each injection, corrected only for natural 13C, 29,30Si, 33,34S ***
A549_GlutaminaC1_1_01.CDF 0.52902 0.41888 0.03431 0.00649 0.01223 -0.00042 -5e-04 1
A549_GlutaminaC1_1_02.CDF 0.52721 0.41841 0.03475 0.00858 0.0122 -0.00065 -5e-04 1
A549_GlutaminaC1_1_03.CDF 0.52743 0.41953 0.03352 0.00784 0.01298 -0.00068 -0.00062 1
A549_GlutaminaC1_2_01.CDF 0.49733 0.44721 0.03539 0.00846 0.01283 -0.00074 -0.00049 1
A549_GlutaminaC1_2_02.CDF 0.49802 0.44667 0.03624 0.00682 0.01324 -0.00031 -0.00068 1
A549_GlutaminaC1_2_03.CDF 0.49606 0.44771 0.03593 0.00853 0.01301 -0.00064 -6e-04 1
A549_GlutaminaC1_3_01.CDF 0.49381 0.4484 0.03798 0.00728 0.01334 -0.00022 -0.00059 1
A549_GlutaminaC1_3_02.CDF 0.49317 0.44729 0.03882 0.00974 0.0117 -0.00012 -6e-04 1
A549_GlutaminaC1_3_03.CDF 0.49362 0.44754 0.03877 0.00736 0.01407 -0.00072 -0.00064 1
BEAS2B_COLD_1_02.CDF 0.96761 -0.00089 0.01456 0.02058 -0.00069 -0.00144 0.00027 1
BEAS2B_GlutaminaC1_1_01.CDF 0.22873 0.69183 0.04982 0.01333 0.01743 -0.00017 -0.00097 1
BEAS2B_GlutaminaC1_1_02.CDF 0.22859 0.69346 0.04786 0.0138 0.01701 0.00015 -0.00088 1
BEAS2B_GlutaminaC1_2_01.CDF 0.22179 0.71064 0.03631 0.01524 0.01695 -4e-05 -9e-04 1
BEAS2B_GlutaminaC1_2_02.CDF 0.22082 0.71078 0.03691 0.01601 0.01636 -5e-05 -0.00083 1
BEAS2B_GlutaminaC1_3_01.CDF 0.22656 0.69781 0.04492 0.01558 0.01572 0.00035 -0.00094 1
BEAS2B_GlutaminaC1_3_02.CDF 0.22233 0.70381 0.04392 0.01472 0.01636 -0.00056 -0.00058 1
NCIH460_GlutaminaC1_1_01.CDF 0.45902 0.48937 0.03034 0.00901 0.0136 -0.00067 -0.00068 1
NCIH460_GlutaminaC1_1_02.CDF 0.46046 0.48811 0.03009 0.00891 0.01352 -0.00041 -0.00068 1
NCIH460_GlutaminaC1_1_03.CDF 0.45787 0.48936 0.0312 0.00864 0.01425 -0.00059 -0.00072 1
NCIH460_GlutaminaC1_2_01.CDF 0.46426 0.48445 0.03057 0.00891 0.01311 -0.00067 -0.00062 1
NCIH460_GlutaminaC1_2_02.CDF 0.46249 0.48545 0.03032 0.00938 0.01376 -0.00071 -0.00069 1
NCIH460_GlutaminaC1_2_03.CDF 0.46058 0.48583 0.03244 0.00882 0.01376 -0.00076 -0.00067 1
NCIH460_GlutaminaC1_3_01.CDF 0.4851 0.46678 0.02812 0.00848 0.01268 -0.00049 -0.00067 1
NCIH460_GlutaminaC1_3_02.CDF 0.48468 0.46672 0.02862 0.00868 0.01244 -0.00058 -0.00056 1
NCIH460_GlutaminaC1_3_03.CDF 0.48243 0.46877 0.02796 0.00889 0.01324 -0.00061 -0.00068 1


*** All samples fully corrected **
A549_GlutaminaC1_1_01.CDF 0.56156 0.41962 0.01975 -0.01408 0.01291 0.00101 -0.00077 1
A549_GlutaminaC1_1_02.CDF 0.55975 0.41916 0.02018 -0.012 0.01289 0.00079 -0.00077 1
A549_GlutaminaC1_1_03.CDF 0.55998 0.42027 0.01895 -0.01274 0.01367 0.00076 -0.00089 1
A549_GlutaminaC1_2_01.CDF 0.52988 0.44795 0.02083 -0.01211 0.01352 7e-04 -0.00076 1
A549_GlutaminaC1_2_02.CDF 0.53057 0.44741 0.02167 -0.01376 0.01393 0.00113 -0.00095 1
A549_GlutaminaC1_2_03.CDF 0.52862 0.44845 0.02137 -0.01205 0.01369 0.00079 -0.00087 1
A549_GlutaminaC1_3_01.CDF 0.52637 0.44913 0.02341 -0.0133 0.01403 0.00122 -0.00086 1
A549_GlutaminaC1_3_02.CDF 0.52573 0.44803 0.02425 -0.01084 0.01239 0.00132 -0.00088 1
A549_GlutaminaC1_3_03.CDF 0.52618 0.44828 0.0242 -0.01322 0.01476 0.00072 -0.00091 1
BEAS2B_COLD_1_02.CDF 1 0 0 0 0 0 0 1
BEAS2B_GlutaminaC1_1_01.CDF 0.26138 0.69249 0.03525 -0.00726 0.01812 0.00126 -0.00124 1
BEAS2B_GlutaminaC1_1_02.CDF 0.26123 0.69412 0.03329 -0.00678 0.0177 0.00159 -0.00115 1
BEAS2B_GlutaminaC1_2_01.CDF 0.25445 0.71129 0.02174 -0.00534 0.01764 0.00139 -0.00117 1
BEAS2B_GlutaminaC1_2_02.CDF 0.25347 0.71143 0.02234 -0.00458 0.01705 0.00138 -0.0011 1
BEAS2B_GlutaminaC1_3_01.CDF 0.25921 0.69846 0.03035 -0.005 0.01641 0.00179 -0.00122 1
BEAS2B_GlutaminaC1_3_02.CDF 0.25499 0.70446 0.02935 -0.00586 0.01704 0.00087 -0.00085 1
NCIH460_GlutaminaC1_1_01.CDF 0.49159 0.4901 0.01578 -0.01157 0.01429 0.00077 -0.00095 1
NCIH460_GlutaminaC1_1_02.CDF 0.49303 0.48883 0.01552 -0.01167 0.01421 0.00103 -0.00095 1
NCIH460_GlutaminaC1_1_03.CDF 0.49043 0.49008 0.01664 -0.01194 0.01494 0.00084 -0.001 1
NCIH460_GlutaminaC1_2_01.CDF 0.49682 0.48517 0.01601 -0.01167 0.0138 0.00076 -0.00089 1
NCIH460_GlutaminaC1_2_02.CDF 0.49506 0.48617 0.01575 -0.0112 0.01445 0.00073 -0.00096 1
NCIH460_GlutaminaC1_2_03.CDF 0.49315 0.48656 0.01788 -0.01176 0.01445 0.00067 -0.00094 1
NCIH460_GlutaminaC1_3_01.CDF 0.51765 0.46751 0.01356 -0.0121 0.01337 0.00095 -0.00094 1
NCIH460_GlutaminaC1_3_02.CDF 0.51724 0.46745 0.01406 -0.01189 0.01313 0.00086 -0.00084 1
NCIH460_GlutaminaC1_3_03.CDF 0.51499 0.4695 0.0134 -0.01169 0.01393 0.00082 -0.00095 1


*Correction:  -0.02057 -0.00827 0.00575 0.01584 0.00539 0.00113 0.00039


---- Glucose  ---
*** MID for each injection, corrected only for natural 13C, 29,30Si, 33,34S ***
20120713 A549 0H Glucosa C1C2 1_S200 G3_001.CDF 0.54665 0.00056 0.44003 -0.00012 0.01202 0.00049 0.00038 1
20120713 A549 0H Glucosa C1C2 1_S200 G3_02.CDF 0.5476 0.00044 0.43993 -0.00032 0.01169 0.00032 0.00034 1
20120713 A549 0H Glucosa C1C2 1_S200 G3_03.CDF 0.54628 0.00109 0.43966 0.00013 0.01205 0.00046 0.00033 1
20120713 A549 0H Glucosa C1C2 2_S50 G3_01.CDF 0.54412 0.00052 0.44142 6e-05 0.01321 0.00034 0.00033 1
20120713 A549 0H Glucosa C1C2 2_S200 G3_02.CDF 0.54419 0.00046 0.4413 5e-05 0.01336 0.00032 0.00032 1
20120713 A549 0H Glucosa C1C2 2_S200 G3_03.CDF 0.54305 0.00073 0.44214 0.00017 0.01328 0.00031 0.00032 1
20120713 A549 24H Glucosa C1C2 1_S100 G3_01.CDF 0.55455 0.00034 0.43225 9e-05 0.01177 0.00061 4e-04 1
20120713 A549 24H Glucosa C1C2 1_S100 G3_02.CDF 0.55531 0.00056 0.43176 0.00044 0.01104 0.00054 0.00035 1
20120713 A549 24H Glucosa C1C2 1_S100 G3_03.CDF 0.55278 0.00093 0.43243 -0.00019 0.01319 0.00048 0.00039 1
20120713 A549 24H Glucosa C1C2 2_S100 G3_01.CDF 0.55405 0.00059 0.43351 -0.00016 0.01135 0.00038 0.00029 1
20120713 A549 24H Glucosa C1C2 2_S100 G3_02.CDF 0.55403 0.00023 0.43378 -0.00018 0.01151 0.00034 0.00029 1
20120713 A549 24H Glucosa C1C2 2_S100 G3_03.CDF 0.55289 0.00035 0.43304 -5e-05 0.01316 3e-04 0.00032 1
20120713 A549 24H Glucosa C1C2 3_S100 G3_01.CDF 0.555 7e-04 0.43148 0.00011 0.01194 0.00043 0.00035 1
20120713 A549 24H Glucosa C1C2 3_S100 G3_02.CDF 0.55319 0.00096 0.43173 0.00021 0.01318 0.00038 0.00034 1
20120713 A549 24H Glucosa C1C2 3_S100 G3_03.CDF 0.5538 0.00078 0.43146 0.00017 0.01311 0.00033 0.00034 1
20120713 A549 Cold_S100 G3_001.CDF 0.97158 0.00071 0.02592 0.00084 0.00066 0.00018 0.00011 1
20120720 NCI 0h Glucosa C1C2 1_02.CDF 0.52777 0.00207 0.45645 0.00183 0.01127 0.00031 3e-04 1
20120720 NCI 0h Glucosa C1C2 1_03.CDF 0.52778 0.00211 0.45671 0.00187 0.01093 0.00032 0.00029 1
20120720 NCI 0h Glucosa C1C2 1_04.CDF 0.52747 0.00204 0.45601 0.00178 0.01203 0.00035 0.00032 1
20120720 NCI 0h Glucosa C1C2 2_02.CDF 0.52791 0.00194 0.45664 0.00154 0.01125 4e-04 0.00031 1
20120720 NCI 0h Glucosa C1C2 2_03.CDF 0.52794 0.00188 0.45587 0.00167 0.01183 0.00046 0.00033 1
20120720 NCI 0h Glucosa C1C2 2_04.CDF 0.52773 0.00196 0.45631 0.00171 0.01166 0.00033 3e-04 1
20120720 NCI 24h Glucosa C1C2 1_01.CDF 0.55163 0.00073 0.43366 0.00085 0.01234 0.00043 0.00035 1
20120720 NCI 24h Glucosa C1C2 1_02.CDF 0.55117 0.00118 0.43329 0.00148 0.01183 0.00064 0.00042 1
20120720 NCI 24h Glucosa C1C2 1_03.CDF 0.55149 0.00108 0.43359 0.00114 0.01174 0.00057 0.00038 1
20120720 NCI 24h Glucosa C1C2 2_01.CDF 0.54621 0.00037 0.44067 0.00071 0.01141 0.00032 0.00031 1
20120720 NCI 24h Glucosa C1C2 2_02.CDF 0.54529 0.00111 0.43914 0.00117 0.01241 5e-04 0.00038 1
20120720 NCI 24h Glucosa C1C2 2_03.CDF 0.54537 0.00109 0.43943 0.00095 0.01223 0.00054 0.00038 1
20120720 NCI 24h Glucosa C1C2 3_01.CDF 0.55556 0.00071 0.43018 0.00093 0.01179 5e-04 0.00034 1
20120720 NCI 24h Glucosa C1C2 3_02.CDF 0.55502 0.00109 0.42951 0.00128 0.01221 0.00053 0.00036 1
20120720 NCI 24h Glucosa C1C2 3_03.CDF 0.55498 0.00106 0.42957 0.00129 0.01218 0.00053 0.00038 1
20120720 NCI Cold 1_02.CDF 0.9699 0.00293 0.0258 0.00059 0.00064 1e-04 5e-05 1
Glc_BEAS2B_0h_GlucosaC1C2_1_02.CDF 0.4878 0.00157 0.49452 0.00205 0.01341 0.00038 0.00028 1
Glc_BEAS2B_0h_GlucosaC1C2_1_03.CDF 0.48747 0.00194 0.49401 0.00225 0.0136 0.00042 0.00031 1
Glc_BEAS2B_0h_GlucosaC1C2_1_04.CDF 0.48768 0.00191 0.49374 0.00228 0.01363 4e-04 0.00035 1
Glc_BEAS2B_0h_GlucosaC1C2_2_03.CDF 0.48742 0.00154 0.49434 0.0018 0.01433 0.00029 0.00029 1
Glc_BEAS2B_0h_GlucosaC1C2_2_04.CDF 0.48811 0.00158 0.49481 0.00172 0.01323 0.00028 0.00027 1
Glc_BEAS2B_0h_GlucosaC1C2_3_02.CDF 0.48553 0.00163 0.49593 0.00206 0.01421 0.00035 3e-04 1
Glc_BEAS2B_0h_GlucosaC1C2_3_03.CDF 0.48627 0.00188 0.49568 0.00208 0.01347 0.00033 0.00029 1
Glc_BEAS2B_0h_GlucosaC1C2_3_04.CDF 0.486 0.00161 0.49525 0.0019 0.01456 0.00038 3e-04 1
Glc_BEAS2B_24h_COLD_03.CDF 0.96913 0.00291 0.02666 0.00064 0.00056 8e-05 2e-05 1
Glc_BEAS2B_24h_GlucosaC1C2_1_01.CDF 0.48545 0.00199 0.4961 0.00204 0.0138 0.00034 0.00029 1
Glc_BEAS2B_24h_GlucosaC1C2_1_02.CDF 0.48519 0.0018 0.49573 0.00208 0.01451 0.00039 3e-04 1
Glc_BEAS2B_24h_GlucosaC1C2_1_03.CDF 0.48636 0.0018 0.49528 0.00222 0.01362 0.00042 0.00031 1
Glc_BEAS2B_24h_GlucosaC1C2_2_01.CDF 0.48548 0.00203 0.49595 0.0022 0.01365 0.00042 0.00027 1
Glc_BEAS2B_24h_GlucosaC1C2_2_02.CDF 0.48557 0.00195 0.49607 0.00227 0.01343 0.00043 0.00028 1
Glc_BEAS2B_24h_GlucosaC1C2_2_03.CDF 0.48675 0.00206 0.49435 0.00246 0.01357 0.00049 0.00032 1
Glc_BEAS2B_24h_GlucosaC1C2_3_03.CDF 0.4876 0.00169 0.49491 0.00197 0.01325 3e-04 0.00028 1
Glc_BEAS2B_24h_GlucosaC1C2_3_04.CDF 0.48696 0.00175 0.49429 0.00208 0.01435 0.00028 0.00029 1


*** All samples fully corrected **
20120713 A549 0H Glucosa C1C2 1_S200 G3_001.CDF 0.57507 -0.00015 0.41412 -0.00096 0.01135 0.00031 0.00027 1
20120713 A549 0H Glucosa C1C2 1_S200 G3_02.CDF 0.57602 -0.00027 0.41401 -0.00116 0.01103 0.00014 0.00023 1
20120713 A549 0H Glucosa C1C2 1_S200 G3_03.CDF 0.5747 0.00038 0.41374 -0.00071 0.01139 0.00028 0.00022 1
20120713 A549 0H Glucosa C1C2 2_S50 G3_01.CDF 0.57254 -2e-04 0.4155 -0.00078 0.01255 0.00016 0.00022 1
20120713 A549 0H Glucosa C1C2 2_S200 G3_02.CDF 0.57261 -0.00025 0.41538 -0.00079 0.01269 0.00014 0.00022 1
20120713 A549 0H Glucosa C1C2 2_S200 G3_03.CDF 0.57147 2e-05 0.41622 -0.00067 0.01262 0.00013 0.00022 1
20120713 A549 24H Glucosa C1C2 1_S100 G3_01.CDF 0.58296 -0.00037 0.40633 -0.00075 0.01111 0.00043 0.00029 1
20120713 A549 24H Glucosa C1C2 1_S100 G3_02.CDF 0.58373 -0.00015 0.40584 -4e-04 0.01038 0.00036 0.00024 1
20120713 A549 24H Glucosa C1C2 1_S100 G3_03.CDF 0.5812 0.00022 0.40651 -0.00103 0.01252 3e-04 0.00028 1
20120713 A549 24H Glucosa C1C2 2_S100 G3_01.CDF 0.58247 -0.00012 0.40759 -0.001 0.01069 0.00021 0.00018 1
20120713 A549 24H Glucosa C1C2 2_S100 G3_02.CDF 0.58245 -0.00049 0.40786 -0.00102 0.01084 0.00016 0.00019 1
20120713 A549 24H Glucosa C1C2 2_S100 G3_03.CDF 0.58131 -0.00036 0.40712 -0.00089 0.0125 0.00012 0.00021 1
20120713 A549 24H Glucosa C1C2 3_S100 G3_01.CDF 0.58342 -1e-05 0.40556 -0.00073 0.01128 0.00026 0.00024 1
20120713 A549 24H Glucosa C1C2 3_S100 G3_02.CDF 0.58161 0.00025 0.40582 -0.00063 0.01252 2e-04 0.00024 1
20120713 A549 24H Glucosa C1C2 3_S100 G3_03.CDF 0.58222 7e-05 0.40554 -0.00067 0.01245 0.00015 0.00024 1
20120713 A549 Cold_S100 G3_001.CDF 1 0 0 0 0 0 0 1
20120720 NCI 0h Glucosa C1C2 1_02.CDF 0.55619 0.00135 0.43053 0.00099 0.01061 0.00013 0.00019 1
20120720 NCI 0h Glucosa C1C2 1_03.CDF 0.55619 0.0014 0.4308 0.00103 0.01026 0.00014 0.00018 1
20120720 NCI 0h Glucosa C1C2 1_04.CDF 0.55589 0.00133 0.43009 0.00094 0.01137 0.00017 0.00021 1
20120720 NCI 0h Glucosa C1C2 2_02.CDF 0.55633 0.00123 0.43073 7e-04 0.01059 0.00022 2e-04 1
20120720 NCI 0h Glucosa C1C2 2_03.CDF 0.55636 0.00117 0.42996 0.00083 0.01117 0.00028 0.00023 1
20120720 NCI 0h Glucosa C1C2 2_04.CDF 0.55615 0.00125 0.43039 0.00087 0.01099 0.00015 2e-04 1
20120720 NCI 24h Glucosa C1C2 1_01.CDF 0.58005 2e-05 0.40774 1e-05 0.01167 0.00025 0.00024 1
20120720 NCI 24h Glucosa C1C2 1_02.CDF 0.57958 0.00047 0.40738 0.00064 0.01116 0.00046 0.00031 1
20120720 NCI 24h Glucosa C1C2 1_03.CDF 0.57991 0.00037 0.40767 3e-04 0.01108 0.00039 0.00027 1
20120720 NCI 24h Glucosa C1C2 2_01.CDF 0.57463 -0.00034 0.41475 -0.00013 0.01075 0.00014 2e-04 1
20120720 NCI 24h Glucosa C1C2 2_02.CDF 0.57371 4e-04 0.41322 0.00033 0.01175 0.00032 0.00027 1
20120720 NCI 24h Glucosa C1C2 2_03.CDF 0.57379 0.00038 0.41352 0.00011 0.01157 0.00036 0.00028 1
20120720 NCI 24h Glucosa C1C2 3_01.CDF 0.58398 0 0.40426 9e-05 0.01112 0.00032 0.00023 1
20120720 NCI 24h Glucosa C1C2 3_02.CDF 0.58344 0.00038 0.4036 0.00044 0.01155 0.00035 0.00025 1
20120720 NCI 24h Glucosa C1C2 3_03.CDF 0.5834 0.00035 0.40365 0.00045 0.01151 0.00035 0.00028 1
20120720 NCI Cold 1_02.CDF 0.99832 0.00222 -0.00011 -0.00025 -3e-05 -8e-05 -6e-05 1
Glc_BEAS2B_0h_GlucosaC1C2_1_02.CDF 0.51621 0.00085 0.4686 0.00121 0.01275 2e-04 0.00017 1
Glc_BEAS2B_0h_GlucosaC1C2_1_03.CDF 0.51588 0.00123 0.46809 0.00141 0.01294 0.00024 2e-04 1
Glc_BEAS2B_0h_GlucosaC1C2_1_04.CDF 0.5161 0.0012 0.46783 0.00144 0.01297 0.00023 0.00024 1
Glc_BEAS2B_0h_GlucosaC1C2_2_03.CDF 0.51584 0.00083 0.46843 0.00096 0.01366 0.00011 0.00018 1
Glc_BEAS2B_0h_GlucosaC1C2_2_04.CDF 0.51653 0.00087 0.46889 0.00088 0.01257 1e-04 0.00017 1
Glc_BEAS2B_0h_GlucosaC1C2_3_02.CDF 0.51395 0.00092 0.47001 0.00122 0.01355 0.00017 0.00019 1
Glc_BEAS2B_0h_GlucosaC1C2_3_03.CDF 0.51469 0.00117 0.46977 0.00124 0.0128 0.00016 0.00018 1
Glc_BEAS2B_0h_GlucosaC1C2_3_04.CDF 0.51442 9e-04 0.46933 0.00106 0.0139 2e-04 0.00019 1
Glc_BEAS2B_24h_COLD_03.CDF 0.99755 0.00219 0.00074 -2e-04 -1e-04 -1e-04 -9e-05 1
Glc_BEAS2B_24h_GlucosaC1C2_1_01.CDF 0.51386 0.00127 0.47019 0.0012 0.01313 0.00017 0.00018 1
Glc_BEAS2B_24h_GlucosaC1C2_1_02.CDF 0.51361 0.00108 0.46982 0.00124 0.01384 0.00021 2e-04 1
Glc_BEAS2B_24h_GlucosaC1C2_1_03.CDF 0.51478 0.00109 0.46936 0.00138 0.01296 0.00024 2e-04 1
Glc_BEAS2B_24h_GlucosaC1C2_2_01.CDF 0.5139 0.00132 0.47003 0.00136 0.01299 0.00025 0.00016 1
Glc_BEAS2B_24h_GlucosaC1C2_2_02.CDF 0.51398 0.00124 0.47016 0.00143 0.01277 0.00025 0.00017 1
Glc_BEAS2B_24h_GlucosaC1C2_2_03.CDF 0.51517 0.00135 0.46844 0.00162 0.01291 0.00031 0.00021 1
Glc_BEAS2B_24h_GlucosaC1C2_3_03.CDF 0.51602 0.00097 0.46899 0.00113 0.01259 0.00013 0.00017 1
Glc_BEAS2B_24h_GlucosaC1C2_3_04.CDF 0.51538 0.00104 0.46837 0.00124 0.01369 0.00011 0.00018 1


*Correction:  -0.02434 -0.00317 0.02251 0.00377 0.00087 0.00024 0.00013


---- Glutamate2-4  ---
*** MID for each injection, corrected only for natural 13C, 29,30Si, 33,34S ***
20121108 A549 24h Glucosa_C1C2 1_01.CDF 0.86274 0.11147 0.02221 0.00358 1
20121108 A549 24h Glucosa_C1C2 1_02.CDF 0.86362 0.11124 0.02163 0.00352 1
20121108 A549 24h Glucosa_C1C2 1_03.CDF 0.86354 0.11141 0.02152 0.00353 1
20121108 A549 24h Glucosa_C1C2 2_01.CDF 0.86375 0.11088 0.0218 0.00357 1
20121108 A549 24h Glucosa_C1C2 2_02.CDF 0.86408 0.11106 0.02135 0.00351 1
20121108 A549 24h Glucosa_C1C2 2_03.CDF 0.86324 0.11138 0.02184 0.00353 1
20121108 A549 24h Glucosa_C1C2 3_01.CDF 0.8632 0.11099 0.02228 0.00353 1
20121108 A549 24h Glucosa_C1C2 3_02.CDF 0.86348 0.11135 0.02171 0.00345 1
20121108 A549 24h Glucosa_C1C2 3_03.CDF 0.86286 0.11163 0.022 0.00351 1
20121108 A549 24h Glutamina_C3 1_01.CDF 0.22322 0.71945 0.04497 0.01236 1
20121108 A549 24h Glutamina_C3 1_02.CDF 0.22306 0.71935 0.04521 0.01238 1
20121108 A549 24h Glutamina_C3 1_03.CDF 0.22292 0.71949 0.04519 0.01239 1
20121108 A549 24h Glutamina_C3 2_01.CDF 0.21769 0.72451 0.04516 0.01265 1
20121108 A549 24h Glutamina_C3 2_02.CDF 0.21759 0.7246 0.04533 0.01249 1
20121108 A549 24h Glutamina_C3 2_03.CDF 0.21755 0.72453 0.04541 0.01251 1
20121108 A549 24h Glutamina_C3 3_01.CDF 0.21232 0.72956 0.04557 0.01255 1
20121108 A549 24h Glutamina_C3 3_02.CDF 0.21252 0.72896 0.04587 0.01265 1
20121108 A549 24h Glutamina_C3 3_03.CDF 0.21198 0.7298 0.04564 0.01257 1
20121108 A549 Cold 1_02.CDF 0.89728 0.08496 0.01542 0.00234 1
20121108 NCIH460 24h Glucosa_C1C2 1_01.CDF 0.84626 0.12321 0.02589 0.00464 1
20121108 NCIH460 24h Glucosa_C1C2 1_02.CDF 0.8462 0.1233 0.02581 0.00469 1
20121108 NCIH460 24h Glucosa_C1C2 1_03.CDF 0.84619 0.12339 0.0258 0.00461 1
20121108 NCIH460 24h Glucosa_C1C2 2_01.CDF 0.84937 0.12056 0.02558 0.00449 1
20121108 NCIH460 24h Glucosa_C1C2 2_02.CDF 0.84971 0.12041 0.02548 0.0044 1
20121108 NCIH460 24h Glucosa_C1C2 2_03.CDF 0.84997 0.12056 0.02502 0.00445 1
20121108 NCIH460 24h Glucosa_C1C2 3_01.CDF 0.84643 0.12264 0.0263 0.00463 1
20121108 NCIH460 24h Glucosa_C1C2 3_02.CDF 0.84648 0.12293 0.02597 0.00462 1
20121108 NCIH460 24h Glucosa_C1C2 3_03.CDF 0.84692 0.12284 0.02566 0.00458 1
20121108 NCIH460 24h Glutamina_C3 1_01.CDF 0.24111 0.70431 0.04247 0.0121 1
20121108 NCIH460 24h Glutamina_C3 1_02.CDF 0.2411 0.70452 0.04249 0.01189 1
20121108 NCIH460 24h Glutamina_C3 1_03.CDF 0.24092 0.70436 0.04264 0.01208 1
20121108 NCIH460 24h Glutamina_C3 2_01.CDF 0.21923 0.72557 0.04299 0.01221 1
20121108 NCIH460 24h Glutamina_C3 2_02.CDF 0.21891 0.72606 0.04269 0.01233 1
20121108 NCIH460 24h Glutamina_C3 2_03.CDF 0.2192 0.72574 0.04288 0.01218 1
20121108 NCIH460 24h Glutamina_C3 3_01.CDF 0.24649 0.69902 0.0426 0.01189 1
20121108 NCIH460 24h Glutamina_C3 3_02.CDF 0.24696 0.69866 0.0424 0.01198 1
20121108 NCIH460 24h Glutamina_C3 3_03.CDF 0.24719 0.69872 0.04222 0.01187 1
20121108 NCIH460 Cold 1_01.CDF 0.89419 0.08642 0.01682 0.00256 1
Glu_BEAS2B_24h_COLD_1_02.CDF 0.87846 0.09627 0.01983 0.00544 1
Glu_BEAS2B_24h_GlucosaC1C2_1_01.CDF 0.87007 0.10084 0.02298 0.00612 1
Glu_BEAS2B_24h_GlucosaC1C2_1_02.CDF 0.87517 0.09964 0.02019 0.005 1
Glu_BEAS2B_24h_GlucosaC1C2_2_01.CDF 0.87096 0.10038 0.02263 0.00603 1
Glu_BEAS2B_24h_GlucosaC1C2_2_02.CDF 0.87127 0.10009 0.02264 0.006 1
Glu_BEAS2B_24h_GlucosaC1C2_3_01.CDF 0.87057 0.10064 0.02264 0.00615 1
Glu_BEAS2B_24h_GlucosaC1C2_3_02.CDF 0.8714 0.09994 0.02268 0.00597 1
Glu_BEAS2B_24h_GlutaminaC1_1_01.CDF 0.00179 0.92857 0.052 0.01764 1
Glu_BEAS2B_24h_GlutaminaC1_1_02.CDF 0.00243 0.92792 0.05193 0.01772 1
Glu_BEAS2B_24h_GlutaminaC1_2_01.CDF 0.00329 0.92601 0.05238 0.01832 1
Glu_BEAS2B_24h_GlutaminaC1_2_02.CDF 0.00421 0.92364 0.05219 0.01996 1
Glu_BEAS2B_24h_GlutaminaC1_3_01.CDF 0.00287 0.92674 0.05238 0.01802 1
Glu_BEAS2B_24h_GlutaminaC1_3_02.CDF 0.0042 0.92398 0.05202 0.0198 1


*** All samples fully corrected **
20121108 A549 24h Glucosa_C1C2 1_01.CDF 0.96566 0.02635 0.00675 0.00124 1
20121108 A549 24h Glucosa_C1C2 1_02.CDF 0.96653 0.02613 0.00617 0.00117 1
20121108 A549 24h Glucosa_C1C2 1_03.CDF 0.96645 0.0263 0.00607 0.00118 1
20121108 A549 24h Glucosa_C1C2 2_01.CDF 0.96666 0.02577 0.00634 0.00122 1
20121108 A549 24h Glucosa_C1C2 2_02.CDF 0.96698 0.02596 0.0059 0.00116 1
20121108 A549 24h Glucosa_C1C2 2_03.CDF 0.96615 0.02628 0.00639 0.00118 1
20121108 A549 24h Glucosa_C1C2 3_01.CDF 0.96612 0.02588 0.00682 0.00118 1
20121108 A549 24h Glucosa_C1C2 3_02.CDF 0.96639 0.02625 0.00626 0.00111 1
20121108 A549 24h Glucosa_C1C2 3_03.CDF 0.96577 0.02653 0.00654 0.00116 1
20121108 A549 24h Glutamina_C3 1_01.CDF 0.32915 0.63145 0.02943 0.00997 1
20121108 A549 24h Glutamina_C3 1_02.CDF 0.32898 0.63135 0.02967 0.01 1
20121108 A549 24h Glutamina_C3 1_03.CDF 0.32885 0.6315 0.02965 0.01 1
20121108 A549 24h Glutamina_C3 2_01.CDF 0.32364 0.63649 0.02961 0.01026 1
20121108 A549 24h Glutamina_C3 2_02.CDF 0.32353 0.63658 0.02978 0.01011 1
20121108 A549 24h Glutamina_C3 2_03.CDF 0.3235 0.63651 0.02987 0.01013 1
20121108 A549 24h Glutamina_C3 3_01.CDF 0.3183 0.64151 0.03003 0.01016 1
20121108 A549 24h Glutamina_C3 3_02.CDF 0.31849 0.64092 0.03033 0.01026 1
20121108 A549 24h Glutamina_C3 3_03.CDF 0.31797 0.64175 0.0301 0.01018 1
20121108 A549 Cold 1_02.CDF 1 0 0 0 1
20121108 NCIH460 24h Glucosa_C1C2 1_01.CDF 0.94926 0.03804 0.01042 0.00229 1
20121108 NCIH460 24h Glucosa_C1C2 1_02.CDF 0.9492 0.03812 0.01034 0.00234 1
20121108 NCIH460 24h Glucosa_C1C2 1_03.CDF 0.94919 0.03822 0.01033 0.00226 1
20121108 NCIH460 24h Glucosa_C1C2 2_01.CDF 0.95236 0.0354 0.01011 0.00214 1
20121108 NCIH460 24h Glucosa_C1C2 2_02.CDF 0.95269 0.03525 0.01001 0.00205 1
20121108 NCIH460 24h Glucosa_C1C2 2_03.CDF 0.95296 0.0354 0.00954 0.0021 1
20121108 NCIH460 24h Glucosa_C1C2 3_01.CDF 0.94943 0.03747 0.01083 0.00227 1
20121108 NCIH460 24h Glucosa_C1C2 3_02.CDF 0.94947 0.03776 0.0105 0.00227 1
20121108 NCIH460 24h Glucosa_C1C2 3_03.CDF 0.94992 0.03767 0.01018 0.00223 1
20121108 NCIH460 24h Glutamina_C3 1_01.CDF 0.34695 0.61639 0.02694 0.00972 1
20121108 NCIH460 24h Glutamina_C3 1_02.CDF 0.34693 0.6166 0.02696 0.0095 1
20121108 NCIH460 24h Glutamina_C3 1_03.CDF 0.34675 0.61644 0.02711 0.00969 1
20121108 NCIH460 24h Glutamina_C3 2_01.CDF 0.32518 0.63754 0.02746 0.00982 1
20121108 NCIH460 24h Glutamina_C3 2_02.CDF 0.32485 0.63804 0.02717 0.00995 1
20121108 NCIH460 24h Glutamina_C3 2_03.CDF 0.32514 0.63771 0.02735 0.00979 1
20121108 NCIH460 24h Glutamina_C3 3_01.CDF 0.35231 0.61111 0.02707 0.00951 1
20121108 NCIH460 24h Glutamina_C3 3_02.CDF 0.35277 0.61076 0.02687 0.00959 1
20121108 NCIH460 24h Glutamina_C3 3_03.CDF 0.353 0.61083 0.02669 0.00949 1
20121108 NCIH460 Cold 1_01.CDF 0.99695 0.00143 0.00139 0.00022 1
Glu_BEAS2B_24h_COLD_1_02.CDF 0.98127 0.01126 0.00439 0.00309 1
Glu_BEAS2B_24h_GlucosaC1C2_1_01.CDF 0.97298 0.01575 0.00751 0.00376 1
Glu_BEAS2B_24h_GlucosaC1C2_1_02.CDF 0.97801 0.0146 0.00474 0.00265 1
Glu_BEAS2B_24h_GlucosaC1C2_2_01.CDF 0.97387 0.0153 0.00717 0.00367 1
Glu_BEAS2B_24h_GlucosaC1C2_2_02.CDF 0.97418 0.01501 0.00717 0.00363 1
Glu_BEAS2B_24h_GlucosaC1C2_3_01.CDF 0.97348 0.01556 0.00717 0.00379 1
Glu_BEAS2B_24h_GlucosaC1C2_3_02.CDF 0.97431 0.01486 0.00722 0.00361 1
Glu_BEAS2B_24h_GlutaminaC1_1_01.CDF 0.10876 0.83958 0.03644 0.01522 1
Glu_BEAS2B_24h_GlutaminaC1_1_02.CDF 0.1094 0.83893 0.03636 0.01531 1
Glu_BEAS2B_24h_GlutaminaC1_2_01.CDF 0.11025 0.83702 0.03681 0.01591 1
Glu_BEAS2B_24h_GlutaminaC1_2_02.CDF 0.11119 0.83465 0.03662 0.01754 1
Glu_BEAS2B_24h_GlutaminaC1_3_01.CDF 0.10983 0.83775 0.03681 0.0156 1
Glu_BEAS2B_24h_GlutaminaC1_3_02.CDF 0.11118 0.83499 0.03645 0.01737 1


*Correction:  -0.10147 0.07523 0.01832 0.00288


---- Glutamate2-5  ---
*** MID for each injection, corrected only for natural 13C, 29,30Si, 33,34S ***
20121108 A549 24h Glucosa_C1C2 1_01.CDF 0.94116 0.01442 0.04005 0.00201 0.00235 1
20121108 A549 24h Glucosa_C1C2 1_02.CDF 0.93773 0.01424 0.04325 0.00222 0.00257 1
20121108 A549 24h Glucosa_C1C2 1_03.CDF 0.93802 0.01408 0.04314 0.00219 0.00256 1
20121108 A549 24h Glucosa_C1C2 2_01.CDF 0.93722 0.01398 0.04409 0.0021 0.00261 1
20121108 A549 24h Glucosa_C1C2 2_02.CDF 0.94254 0.01402 0.03921 0.0019 0.00233 1
20121108 A549 24h Glucosa_C1C2 2_03.CDF 0.93805 0.01456 0.0427 0.00213 0.00255 1
20121108 A549 24h Glucosa_C1C2 3_01.CDF 0.93739 0.01376 0.04399 0.00222 0.00264 1
20121108 A549 24h Glucosa_C1C2 3_02.CDF 0.93734 0.01453 0.04332 0.00221 0.0026 1
20121108 A549 24h Glucosa_C1C2 3_03.CDF 0.93818 0.01384 0.04326 0.00216 0.00257 1
20121108 A549 24h Glutamina_C3 1_01.CDF 0.23081 0.74683 0.01342 0.00815 0.00078 1
20121108 A549 24h Glutamina_C3 1_02.CDF 0.23067 0.74672 0.01378 0.00805 0.00078 1
20121108 A549 24h Glutamina_C3 1_03.CDF 0.22988 0.74566 0.01573 0.00799 0.00074 1
20121108 A549 24h Glutamina_C3 2_01.CDF 0.2247 0.75587 0.01037 0.00831 0.00076 1
20121108 A549 24h Glutamina_C3 2_02.CDF 0.22344 0.75311 0.01458 0.00812 0.00074 1
20121108 A549 24h Glutamina_C3 2_03.CDF 0.22357 0.7515 0.01625 0.00793 0.00075 1
20121108 A549 24h Glutamina_C3 3_01.CDF 0.2184 0.75767 0.01507 0.00812 0.00074 1
20121108 A549 24h Glutamina_C3 3_02.CDF 0.21839 0.75793 0.01482 0.0081 0.00075 1
20121108 A549 24h Glutamina_C3 3_03.CDF 0.2186 0.75679 0.0157 0.00817 0.00073 1
20121108 A549 Cold 1_02.CDF 0.98162 0.0065 0.00961 0.00028 0.00199 1
20121108 NCIH460 24h Glucosa_C1C2 1_01.CDF 0.918 0.01709 0.05772 0.0038 0.0034 1
20121108 NCIH460 24h Glucosa_C1C2 1_02.CDF 0.91783 0.01761 0.05736 0.00379 0.00341 1
20121108 NCIH460 24h Glucosa_C1C2 1_03.CDF 0.91822 0.01707 0.05755 0.00377 0.0034 1
20121108 NCIH460 24h Glucosa_C1C2 2_01.CDF 0.92122 0.01645 0.05544 0.00357 0.00333 1
20121108 NCIH460 24h Glucosa_C1C2 2_02.CDF 0.92136 0.01682 0.05498 0.00349 0.00336 1
20121108 NCIH460 24h Glucosa_C1C2 2_03.CDF 0.92122 0.01648 0.05556 0.00341 0.00333 1
20121108 NCIH460 24h Glucosa_C1C2 3_01.CDF 0.91836 0.01697 0.05747 0.00384 0.00336 1
20121108 NCIH460 24h Glucosa_C1C2 3_02.CDF 0.91809 0.01733 0.05744 0.00381 0.00333 1
20121108 NCIH460 24h Glucosa_C1C2 3_03.CDF 0.91825 0.0172 0.05747 0.00372 0.00336 1
20121108 NCIH460 24h Glutamina_C3 1_01.CDF 0.25054 0.7255 0.01587 0.00732 0.00076 1
20121108 NCIH460 24h Glutamina_C3 1_02.CDF 0.2504 0.72648 0.01479 0.0075 0.00083 1
20121108 NCIH460 24h Glutamina_C3 1_03.CDF 0.25117 0.72534 0.01542 0.00733 0.00074 1
20121108 NCIH460 24h Glutamina_C3 2_01.CDF 0.22541 0.7512 0.01508 0.00762 0.00069 1
20121108 NCIH460 24h Glutamina_C3 2_02.CDF 0.22581 0.74944 0.01633 0.00768 0.00074 1
20121108 NCIH460 24h Glutamina_C3 2_03.CDF 0.22521 0.75089 0.01545 0.00766 0.00078 1
20121108 NCIH460 24h Glutamina_C3 3_01.CDF 0.25777 0.71846 0.01561 0.00738 0.00078 1
20121108 NCIH460 24h Glutamina_C3 3_02.CDF 0.25837 0.71979 0.01362 0.0074 0.00081 1
20121108 NCIH460 24h Glutamina_C3 3_03.CDF 0.25779 0.71783 0.01624 0.00735 0.00079 1
20121108 NCIH460 Cold 1_01.CDF 0.97879 0.00826 0.01046 0.00029 0.00221 1
Glu_BEAS2B_24h_COLD_1_02.CDF 0.97575 0.0126 0.00958 0.00017 0.0019 1
Glu_BEAS2B_24h_GlucosaC1C2_1_01.CDF 0.9679 0.01181 0.01722 0.00085 0.00221 1
Glu_BEAS2B_24h_GlucosaC1C2_1_02.CDF 0.96652 0.01168 0.01858 0.00088 0.00234 1
Glu_BEAS2B_24h_GlucosaC1C2_2_01.CDF 0.96786 0.01276 0.01646 0.00079 0.00213 1
Glu_BEAS2B_24h_GlucosaC1C2_2_02.CDF 0.96744 0.0128 0.01677 0.00081 0.00218 1
Glu_BEAS2B_24h_GlucosaC1C2_3_01.CDF 0.96721 0.01367 0.01625 0.00073 0.00214 1
Glu_BEAS2B_24h_GlucosaC1C2_3_02.CDF 0.9713 0.00908 0.01666 0.00077 0.00218 1
Glu_BEAS2B_24h_GlutaminaC1_1_01.CDF 0 0.97261 0.01789 0.00918 0.00031 1
Glu_BEAS2B_24h_GlutaminaC1_1_02.CDF 0 0.9726 0.01777 0.00933 0.00031 1
Glu_BEAS2B_24h_GlutaminaC1_2_01.CDF 0 0.97341 0.01719 0.00912 0.00028 1
Glu_BEAS2B_24h_GlutaminaC1_2_02.CDF 0 0.97303 0.01741 0.00926 3e-04 1
Glu_BEAS2B_24h_GlutaminaC1_3_01.CDF 0 0.97298 0.01752 0.0092 0.00029 1
Glu_BEAS2B_24h_GlutaminaC1_3_02.CDF 0 0.97324 0.01713 0.00932 0.00032 1


*** All samples fully corrected **
20121108 A549 24h Glucosa_C1C2 1_01.CDF 0.95954 0.00792 0.03044 0.00173 0.00036 1
20121108 A549 24h Glucosa_C1C2 1_02.CDF 0.95612 0.00774 0.03363 0.00194 0.00058 1
20121108 A549 24h Glucosa_C1C2 1_03.CDF 0.95641 0.00758 0.03353 0.00191 0.00057 1
20121108 A549 24h Glucosa_C1C2 2_01.CDF 0.95561 0.00749 0.03447 0.00182 0.00061 1
20121108 A549 24h Glucosa_C1C2 2_02.CDF 0.96093 0.00753 0.02959 0.00162 0.00034 1
20121108 A549 24h Glucosa_C1C2 2_03.CDF 0.95644 0.00806 0.03308 0.00185 0.00056 1
20121108 A549 24h Glucosa_C1C2 3_01.CDF 0.95577 0.00726 0.03437 0.00194 0.00065 1
20121108 A549 24h Glucosa_C1C2 3_02.CDF 0.95573 0.00803 0.03371 0.00193 0.00061 1
20121108 A549 24h Glucosa_C1C2 3_03.CDF 0.95656 0.00734 0.03364 0.00188 0.00058 1
20121108 A549 24h Glutamina_C3 1_01.CDF 0.24938 0.74016 0.0038 0.00787 -0.00121 1
20121108 A549 24h Glutamina_C3 1_02.CDF 0.24924 0.74005 0.00415 0.00777 -0.00122 1
20121108 A549 24h Glutamina_C3 1_03.CDF 0.24845 0.73899 0.00611 0.00771 -0.00126 1
20121108 A549 24h Glutamina_C3 2_01.CDF 0.24327 0.74919 0.00075 0.00802 -0.00124 1
20121108 A549 24h Glutamina_C3 2_02.CDF 0.24202 0.74644 0.00496 0.00783 -0.00125 1
20121108 A549 24h Glutamina_C3 2_03.CDF 0.24214 0.74483 0.00663 0.00765 -0.00125 1
20121108 A549 24h Glutamina_C3 3_01.CDF 0.23697 0.751 0.00544 0.00783 -0.00125 1
20121108 A549 24h Glutamina_C3 3_02.CDF 0.23696 0.75126 0.0052 0.00782 -0.00124 1
20121108 A549 24h Glutamina_C3 3_03.CDF 0.23717 0.75012 0.00608 0.00789 -0.00126 1
20121108 A549 Cold 1_02.CDF 1 0 0 0 0 1
20121108 NCIH460 24h Glucosa_C1C2 1_01.CDF 0.93639 0.01059 0.0481 0.00352 0.00141 1
20121108 NCIH460 24h Glucosa_C1C2 1_02.CDF 0.93623 0.01111 0.04774 0.00351 0.00142 1
20121108 NCIH460 24h Glucosa_C1C2 1_03.CDF 0.93661 0.01057 0.04793 0.00349 0.0014 1
20121108 NCIH460 24h Glucosa_C1C2 2_01.CDF 0.93961 0.00995 0.04582 0.00328 0.00134 1
20121108 NCIH460 24h Glucosa_C1C2 2_02.CDF 0.93976 0.01032 0.04536 0.0032 0.00136 1
20121108 NCIH460 24h Glucosa_C1C2 2_03.CDF 0.93962 0.00998 0.04595 0.00313 0.00133 1
20121108 NCIH460 24h Glucosa_C1C2 3_01.CDF 0.93675 0.01047 0.04785 0.00356 0.00137 1
20121108 NCIH460 24h Glucosa_C1C2 3_02.CDF 0.93648 0.01083 0.04782 0.00353 0.00134 1
20121108 NCIH460 24h Glucosa_C1C2 3_03.CDF 0.93664 0.0107 0.04785 0.00344 0.00137 1
20121108 NCIH460 24h Glutamina_C3 1_01.CDF 0.26911 0.71884 0.00625 0.00704 -0.00123 1
20121108 NCIH460 24h Glutamina_C3 1_02.CDF 0.26896 0.71982 0.00517 0.00721 -0.00117 1
20121108 NCIH460 24h Glutamina_C3 1_03.CDF 0.26974 0.71868 0.0058 0.00705 -0.00126 1
20121108 NCIH460 24h Glutamina_C3 2_01.CDF 0.24398 0.74453 0.00546 0.00734 -0.0013 1
20121108 NCIH460 24h Glutamina_C3 2_02.CDF 0.24438 0.74277 0.00671 0.0074 -0.00126 1
20121108 NCIH460 24h Glutamina_C3 2_03.CDF 0.24378 0.74422 0.00583 0.00738 -0.00121 1
20121108 NCIH460 24h Glutamina_C3 3_01.CDF 0.27634 0.71179 0.00599 0.0071 -0.00121 1
20121108 NCIH460 24h Glutamina_C3 3_02.CDF 0.27693 0.71313 0.004 0.00712 -0.00118 1
20121108 NCIH460 24h Glutamina_C3 3_03.CDF 0.27635 0.71116 0.00662 0.00707 -0.0012 1
20121108 NCIH460 Cold 1_01.CDF 0.99717 0.00176 0.00085 1e-05 0.00022 1
Glu_BEAS2B_24h_COLD_1_02.CDF 0.99413 0.00611 -3e-05 -0.00011 -9e-05 1
Glu_BEAS2B_24h_GlucosaC1C2_1_01.CDF 0.98628 0.00532 0.00762 0.00057 0.00022 1
Glu_BEAS2B_24h_GlucosaC1C2_1_02.CDF 0.9849 0.00518 0.00897 6e-04 0.00035 1
Glu_BEAS2B_24h_GlucosaC1C2_2_01.CDF 0.98624 0.00626 0.00685 0.00051 0.00014 1
Glu_BEAS2B_24h_GlucosaC1C2_2_02.CDF 0.98581 0.0063 0.00716 0.00053 0.00019 1
Glu_BEAS2B_24h_GlucosaC1C2_3_01.CDF 0.98558 0.00717 0.00664 0.00045 0.00015 1
Glu_BEAS2B_24h_GlucosaC1C2_3_02.CDF 0.98968 0.00259 0.00706 0.00049 0.00019 1
Glu_BEAS2B_24h_GlutaminaC1_1_01.CDF 0.01859 0.96591 0.00828 0.0089 -0.00168 1
Glu_BEAS2B_24h_GlutaminaC1_1_02.CDF 0.01859 0.96589 0.00816 0.00904 -0.00168 1
Glu_BEAS2B_24h_GlutaminaC1_2_01.CDF 0.01859 0.9667 0.00758 0.00884 -0.00171 1
Glu_BEAS2B_24h_GlutaminaC1_2_02.CDF 0.01859 0.96632 0.00781 0.00898 -0.0017 1
Glu_BEAS2B_24h_GlutaminaC1_3_01.CDF 0.01859 0.96627 0.00791 0.00892 -0.0017 1
Glu_BEAS2B_24h_GlutaminaC1_3_02.CDF 0.01859 0.96653 0.00752 0.00903 -0.00168 1


*Correction:  -0.0174 0.00498 0.0095 0.00069 0.00201


---- Lactate  ---
*** MID for each injection, corrected only for natural 13C, 29,30Si, 33,34S ***
20120905 A549 24h Glucosa_C1C2 1_03.CDF 0.79349 0.01711 0.18105 0.00835 1
20120905 A549 24h Glucosa_C1C2 1_04.CDF 0.79327 0.01693 0.18026 0.00955 1
20120905 A549 24h Glucosa_C1C2 1_05.CDF 0.79376 0.01694 0.1803 0.00899 1
20120905 A549 24h Glucosa_C1C2 2_01.CDF 0.79082 0.01674 0.18369 0.00875 1
20120905 A549 24h Glucosa_C1C2 2_02.CDF 0.79053 0.01679 0.18333 0.00935 1
20120905 A549 24h Glucosa_C1C2 2_03.CDF 0.79025 0.01693 0.18343 0.0094 1
20120905 A549 24h Glucosa_C1C2 3_01.CDF 0.79178 0.01689 0.18291 0.00842 1
20120905 A549 24h Glucosa_C1C2 3_02.CDF 0.79049 0.01707 0.18302 0.00941 1
20120905 A549 24h Glucosa_C1C2 3_03.CDF 0.79032 0.01702 0.18313 0.00953 1
20120905 A549 Cold 1_02.CDF 0.98787 0.00064 0.01135 0.00013 1
20120905 NCI460 24h Glucosa_C1C2 1_03.CDF 0.78052 0.01609 0.19463 0.00875 1
20120905 NCI460 24h Glucosa_C1C2 1_04.CDF 0.78135 0.01589 0.19408 0.00867 1
20120905 NCI460 24h Glucosa_C1C2 1_05.CDF 0.78022 0.01639 0.19522 0.00818 1
20120905 NCI460 24h Glucosa_C1C2 2_01.CDF 0.7829 0.01595 0.19438 0.00677 1
20120905 NCI460 24h Glucosa_C1C2 2_02.CDF 0.78302 0.01581 0.19479 0.00638 1
20120905 NCI460 24h Glucosa_C1C2 2_03.CDF 0.78129 0.0161 0.19436 0.00825 1
20120905 NCI460 24h Glucosa_C1C2 3_01.CDF 0.78028 0.01623 0.19416 0.00933 1
20120905 NCI460 24h Glucosa_C1C2 3_02.CDF 0.78009 0.0162 0.19475 0.00896 1
20120905 NCI460 24h Glucosa_C1C2 3_03.CDF 0.78076 0.01608 0.19464 0.00852 1
20120905 NCI460 Cold 1_03.CDF 0.98429 0.00279 0.01276 0.00016 1
Lac_BEAS2B_24h_COLD_02.CDF 0.98762 0.00301 0.00927 0.00011 1
Lac_BEAS2B_24h_GlucosaC1C2_1_02.CDF 0.75186 0.02578 0.21354 0.00882 1
Lac_BEAS2B_24h_GlucosaC1C2_1_03.CDF 0.75206 0.02565 0.2137 0.00858 1
Lac_BEAS2B_24h_GlucosaC1C2_2_02.CDF 0.75174 0.02591 0.2134 0.00895 1
Lac_BEAS2B_24h_GlucosaC1C2_2_03.CDF 0.75241 0.0256 0.21377 0.00822 1
Lac_BEAS2B_24h_GlucosaC1C2_3_01.CDF 0.75035 0.02643 0.21403 0.0092 1
Lac_BEAS2B_24h_GlucosaC1C2_3_02.CDF 0.75071 0.02613 0.21382 0.00933 1


*** All samples fully corrected **
20120905 A549 24h Glucosa_C1C2 1_03.CDF 0.80568 0.01646 0.16965 0.00821 1
20120905 A549 24h Glucosa_C1C2 1_04.CDF 0.80545 0.01628 0.16886 0.00941 1
20120905 A549 24h Glucosa_C1C2 1_05.CDF 0.80595 0.0163 0.1689 0.00886 1
20120905 A549 24h Glucosa_C1C2 2_01.CDF 0.803 0.0161 0.17229 0.00861 1
20120905 A549 24h Glucosa_C1C2 2_02.CDF 0.80271 0.01615 0.17192 0.00922 1
20120905 A549 24h Glucosa_C1C2 2_03.CDF 0.80243 0.01628 0.17202 0.00926 1
20120905 A549 24h Glucosa_C1C2 3_01.CDF 0.80397 0.01624 0.17151 0.00829 1
20120905 A549 24h Glucosa_C1C2 3_02.CDF 0.80268 0.01643 0.17162 0.00927 1
20120905 A549 24h Glucosa_C1C2 3_03.CDF 0.8025 0.01638 0.17173 0.00939 1
20120905 A549 Cold 1_02.CDF 1 0 0 0 1
20120905 NCI460 24h Glucosa_C1C2 1_03.CDF 0.79271 0.01544 0.18323 0.00861 1
20120905 NCI460 24h Glucosa_C1C2 1_04.CDF 0.79354 0.01525 0.18267 0.00854 1
20120905 NCI460 24h Glucosa_C1C2 1_05.CDF 0.7924 0.01574 0.18381 0.00804 1
20120905 NCI460 24h Glucosa_C1C2 2_01.CDF 0.79508 0.0153 0.18298 0.00664 1
20120905 NCI460 24h Glucosa_C1C2 2_02.CDF 0.7952 0.01516 0.18339 0.00625 1
20120905 NCI460 24h Glucosa_C1C2 2_03.CDF 0.79347 0.01546 0.18296 0.00811 1
20120905 NCI460 24h Glucosa_C1C2 3_01.CDF 0.79247 0.01559 0.18275 0.00919 1
20120905 NCI460 24h Glucosa_C1C2 3_02.CDF 0.79227 0.01555 0.18335 0.00883 1
20120905 NCI460 24h Glucosa_C1C2 3_03.CDF 0.79295 0.01543 0.18323 0.00839 1
20120905 NCI460 Cold 1_03.CDF 0.99642 0.00215 0.0014 2e-05 1
Lac_BEAS2B_24h_COLD_02.CDF 0.99975 0.00237 -0.00208 -3e-05 1
Lac_BEAS2B_24h_GlucosaC1C2_1_02.CDF 0.76405 0.02513 0.20214 0.00869 1
Lac_BEAS2B_24h_GlucosaC1C2_1_03.CDF 0.76425 0.025 0.2023 0.00845 1
Lac_BEAS2B_24h_GlucosaC1C2_2_02.CDF 0.76393 0.02526 0.20199 0.00882 1
Lac_BEAS2B_24h_GlucosaC1C2_2_03.CDF 0.7646 0.02495 0.20236 0.00808 1
Lac_BEAS2B_24h_GlucosaC1C2_3_01.CDF 0.76254 0.02578 0.20262 0.00906 1
Lac_BEAS2B_24h_GlucosaC1C2_3_02.CDF 0.7629 0.02548 0.20241 0.0092 1


*Correction:  -0.01096 -0.00064 0.01042 0.00106


---- Malate  ---
*** MID for each injection, corrected only for natural 13C, 29,30Si, 33,34S ***
A549_GlutaminaC1_1_01.CDF 0.27816 0.69856 0.00723 0.00399 0.01206 1
A549_GlutaminaC1_1_02.CDF 0.27889 0.69857 0.00719 0.00395 0.01141 1
A549_GlutaminaC1_1_03.CDF 0.28082 0.69254 0.00992 0.00473 0.01199 1
A549_GlutaminaC1_2_01.CDF 0.27717 0.70238 0.00583 0.00307 0.01156 1
A549_GlutaminaC1_2_02.CDF 0.27918 0.69783 0.00745 0.00402 0.01152 1
A549_GlutaminaC1_2_03.CDF 0.28106 0.69238 0.01083 0.00459 0.01115 1
A549_GlutaminaC1_3_01.CDF 0.27887 0.69832 0.00695 0.00363 0.01223 1
A549_GlutaminaC1_3_02.CDF 0.27821 0.6982 0.0079 0.00285 0.01284 1
A549_GlutaminaC1_3_03.CDF 0.28107 0.69418 0.00919 0.00446 0.01109 1
BEAS2B_COLD_1_02.CDF 0.9787 -0.00768 0.01034 0.01939 -0.00074 1
BEAS2B_GlutaminaC1_1_01.CDF 0.24044 0.73247 0.01088 0.00478 0.01142 1
BEAS2B_GlutaminaC1_1_02.CDF 0.24202 0.7318 0.00959 0.00539 0.0112 1
BEAS2B_GlutaminaC1_2_01.CDF 0.22973 0.74304 0.01066 0.00542 0.01115 1
BEAS2B_GlutaminaC1_2_02.CDF 0.2301 0.74285 0.01027 0.00533 0.01145 1
BEAS2B_GlutaminaC1_3_01.CDF 0.23568 0.7355 0.01105 0.00526 0.01251 1
BEAS2B_GlutaminaC1_3_02.CDF 0.23561 0.73574 0.01086 0.00584 0.01195 1
NCIH460_GlutaminaC1_1_01.CDF 0.2954 0.68362 0.00626 0.00409 0.01063 1
NCIH460_GlutaminaC1_1_02.CDF 0.29634 0.68122 0.00651 0.00435 0.01158 1
NCIH460_GlutaminaC1_1_03.CDF 0.29658 0.67889 0.00778 0.005 0.01175 1
NCIH460_GlutaminaC1_2_01.CDF 0.29231 0.68635 0.00544 0.00449 0.01141 1
NCIH460_GlutaminaC1_2_02.CDF 0.29223 0.68517 0.00648 0.00433 0.0118 1
NCIH460_GlutaminaC1_2_03.CDF 0.2935 0.68223 0.00792 0.00544 0.01092 1
NCIH460_GlutaminaC1_3_01.CDF 0.30937 0.66952 0.00562 0.00445 0.01104 1
NCIH460_GlutaminaC1_3_02.CDF 0.30999 0.66895 0.00619 0.0049 0.00997 1
NCIH460_GlutaminaC1_3_03.CDF 0.30958 0.66656 0.00736 0.00551 0.01099 1


*** All samples fully corrected **
A549_GlutaminaC1_1_01.CDF 0.30072 0.70514 -0.00316 -0.01548 0.01278 1
A549_GlutaminaC1_1_02.CDF 0.30144 0.70515 -0.0032 -0.01552 0.01213 1
A549_GlutaminaC1_1_03.CDF 0.30338 0.69913 -0.00048 -0.01475 0.01271 1
A549_GlutaminaC1_2_01.CDF 0.29973 0.70895 -0.00455 -0.0164 0.01228 1
