
---- Aspartate  ---
*** MID for each injection, corrected only for natural 13C, 29,30Si, 33,34S ***
A549_GlutaminaC1_1_01.CDF 0.24923 0.72456 0.00931 0.00506 0.01185 1
A549_GlutaminaC1_1_01.CDF 0.25248 0.72112 0.00924 0.00534 0.01182 1
A549_GlutaminaC1_1_01.CDF 0.25632 0.71667 0.01014 0.00539 0.01149 1
A549_GlutaminaC1_1_01.CDF 0.24906 0.72636 0.00947 0.00493 0.01019 1
A549_GlutaminaC1_1_01.CDF 0.25193 0.72274 0.0094 0.00508 0.01085 1
A549_GlutaminaC1_1_01.CDF 0.25505 0.7173 0.0103 0.00525 0.01209 1
A549_GlutaminaC1_1_01.CDF 0.24759 0.72715 0.01007 0.00529 0.0099 1
A549_GlutaminaC1_1_01.CDF 0.24891 0.72491 0.00945 0.005 0.01173 1
A549_GlutaminaC1_1_01.CDF 0.25235 0.71968 0.01047 0.00519 0.01231 1
A549_GlutaminaC1_1_01.CDF 0.97095 0.00466 0.00716 0.01814 -0.00091 1
A549_GlutaminaC1_1_01.CDF 0.23556 0.73642 0.00984 0.00614 0.01204 1
A549_GlutaminaC1_1_01.CDF 0.23882 0.73396 0.01017 0.00595 0.01111 1
A549_GlutaminaC1_1_01.CDF 0.22451 0.74849 0.00874 0.00643 0.01182 1
A549_GlutaminaC1_1_01.CDF 0.22642 0.7459 0.01004 0.00648 0.01116 1
A549_GlutaminaC1_1_01.CDF 0.22966 0.7419 0.00936 0.00641 0.01267 1
A549_GlutaminaC1_1_01.CDF 0.23158 0.74057 0.00963 0.00599 0.01223 1
A549_GlutaminaC1_1_01.CDF 0.27266 0.70337 0.00667 0.00531 0.01199 1
A549_GlutaminaC1_1_01.CDF 0.27359 0.70314 0.00696 0.00512 0.0112 1
A549_GlutaminaC1_1_01.CDF 0.27689 0.69988 0.00721 0.00563 0.01039 1
A549_GlutaminaC1_1_01.CDF 0.26855 0.70684 0.00721 0.00544 0.01196 1
A549_GlutaminaC1_1_01.CDF 0.26998 0.70609 0.00684 0.00571 0.01138 1
A549_GlutaminaC1_1_01.CDF 0.27275 0.70249 0.00772 0.00575 0.01128 1
A549_GlutaminaC1_1_01.CDF 0.2836 0.69321 0.00666 0.00518 0.01134 1
A549_GlutaminaC1_1_01.CDF 0.28427 0.69274 0.00669 0.00527 0.01102 1
A549_GlutaminaC1_1_01.CDF 0.28672 0.68916 0.00721 0.00568 0.01123 1


*** All samples fully corrected **
A549_GlutaminaC1_1_01.CDF 1 0 0 0 0 1
A549_GlutaminaC1_1_01.CDF 0.25248 0.72112 0.00924 0.00534 0.01182 1
A549_GlutaminaC1_1_01.CDF 0.25632 0.71667 0.01014 0.00539 0.01149 1
A549_GlutaminaC1_1_01.CDF 0.24906 0.72636 0.00947 0.00493 0.01019 1
A549_GlutaminaC1_1_01.CDF 0.25193 0.72274 0.0094 0.00508 0.01085 1
A549_GlutaminaC1_1_01.CDF 0.25505 0.7173 0.0103 0.00525 0.01209 1
A549_GlutaminaC1_1_01.CDF 0.24759 0.72715 0.01007 0.00529 0.0099 1
A549_GlutaminaC1_1_01.CDF 0.24891 0.72491 0.00945 0.005 0.01173 1
A549_GlutaminaC1_1_01.CDF 0.25235 0.71968 0.01047 0.00519 0.01231 1
A549_GlutaminaC1_1_01.CDF 0.97095 0.00466 0.00716 0.01814 -0.00091 1
A549_GlutaminaC1_1_01.CDF 0.23556 0.73642 0.00984 0.00614 0.01204 1
A549_GlutaminaC1_1_01.CDF 0.23882 0.73396 0.01017 0.00595 0.01111 1
A549_GlutaminaC1_1_01.CDF 0.22451 0.74849 0.00874 0.00643 0.01182 1
A549_GlutaminaC1_1_01.CDF 0.22642 0.7459 0.01004 0.00648 0.01116 1
A549_GlutaminaC1_1_01.CDF 0.22966 0.7419 0.00936 0.00641 0.01267 1
A549_GlutaminaC1_1_01.CDF 0.23158 0.74057 0.00963 0.00599 0.01223 1
A549_GlutaminaC1_1_01.CDF 0.27266 0.70337 0.00667 0.00531 0.01199 1
A549_GlutaminaC1_1_01.CDF 0.27359 0.70314 0.00696 0.00512 0.0112 1
A549_GlutaminaC1_1_01.CDF 0.27689 0.69988 0.00721 0.00563 0.01039 1
A549_GlutaminaC1_1_01.CDF 0.26855 0.70684 0.00721 0.00544 0.01196 1
A549_GlutaminaC1_1_01.CDF 0.26998 0.70609 0.00684 0.00571 0.01138 1
A549_GlutaminaC1_1_01.CDF 0.27275 0.70249 0.00772 0.00575 0.01128 1
A549_GlutaminaC1_1_01.CDF 0.2836 0.69321 0.00666 0.00518 0.01134 1
A549_GlutaminaC1_1_01.CDF 0.28427 0.69274 0.00669 0.00527 0.01102 1
A549_GlutaminaC1_1_01.CDF 0.28672 0.68916 0.00721 0.00568 0.01123 1


*Correction:  -0.4843 0.29973 0.09014 0.06085 0.0262


---- Citrate  ---
*** MID for each injection, corrected only for natural 13C, 29,30Si, 33,34S ***
A549_GlutaminaC1_1_01.CDF 0.52902 0.41888 0.03431 0.00649 0.01223 -0.00042 -5e-04 1
A549_GlutaminaC1_1_01.CDF 0.52721 0.41841 0.03475 0.00858 0.0122 -0.00065 -5e-04 1
A549_GlutaminaC1_1_01.CDF 0.52743 0.41953 0.03352 0.00784 0.01298 -0.00068 -0.00062 1
A549_GlutaminaC1_1_01.CDF 0.49733 0.44721 0.03539 0.00846 0.01283 -0.00074 -0.00049 1
A549_GlutaminaC1_1_01.CDF 0.49802 0.44667 0.03624 0.00682 0.01324 -0.00031 -0.00068 1
A549_GlutaminaC1_1_01.CDF 0.49606 0.44771 0.03593 0.00853 0.01301 -0.00064 -6e-04 1
A549_GlutaminaC1_1_01.CDF 0.49381 0.4484 0.03798 0.00728 0.01334 -0.00022 -0.00059 1
A549_GlutaminaC1_1_01.CDF 0.49317 0.44729 0.03882 0.00974 0.0117 -0.00012 -6e-04 1
A549_GlutaminaC1_1_01.CDF 0.49362 0.44754 0.03877 0.00736 0.01407 -0.00072 -0.00064 1
A549_GlutaminaC1_1_01.CDF 0.96761 -0.00089 0.01456 0.02058 -0.00069 -0.00144 0.00027 1
A549_GlutaminaC1_1_01.CDF 0.22873 0.69183 0.04982 0.01333 0.01743 -0.00017 -0.00097 1
A549_GlutaminaC1_1_01.CDF 0.22859 0.69346 0.04786 0.0138 0.01701 0.00015 -0.00088 1
A549_GlutaminaC1_1_01.CDF 0.22179 0.71064 0.03631 0.01524 0.01695 -4e-05 -9e-04 1
A549_GlutaminaC1_1_01.CDF 0.22082 0.71078 0.03691 0.01601 0.01636 -5e-05 -0.00083 1
A549_GlutaminaC1_1_01.CDF 0.22656 0.69781 0.04492 0.01558 0.01572 0.00035 -0.00094 1
A549_GlutaminaC1_1_01.CDF 0.22233 0.70381 0.04392 0.01472 0.01636 -0.00056 -0.00058 1
A549_GlutaminaC1_1_01.CDF 0.45902 0.48937 0.03034 0.00901 0.0136 -0.00067 -0.00068 1
A549_GlutaminaC1_1_01.CDF 0.46046 0.48811 0.03009 0.00891 0.01352 -0.00041 -0.00068 1
A549_GlutaminaC1_1_01.CDF 0.45787 0.48936 0.0312 0.00864 0.01425 -0.00059 -0.00072 1
A549_GlutaminaC1_1_01.CDF 0.46426 0.48445 0.03057 0.00891 0.01311 -0.00067 -0.00062 1
A549_GlutaminaC1_1_01.CDF 0.46249 0.48545 0.03032 0.00938 0.01376 -0.00071 -0.00069 1
A549_GlutaminaC1_1_01.CDF 0.46058 0.48583 0.03244 0.00882 0.01376 -0.00076 -0.00067 1
A549_GlutaminaC1_1_01.CDF 0.4851 0.46678 0.02812 0.00848 0.01268 -0.00049 -0.00067 1
A549_GlutaminaC1_1_01.CDF 0.48468 0.46672 0.02862 0.00868 0.01244 -0.00058 -0.00056 1
A549_GlutaminaC1_1_01.CDF 0.48243 0.46877 0.02796 0.00889 0.01324 -0.00061 -0.00068 1


*** All samples fully corrected **
A549_GlutaminaC1_1_01.CDF 1 0 0 0 0 0 0 1
A549_GlutaminaC1_1_01.CDF 0.52721 0.41841 0.03475 0.00858 0.0122 -0.00065 -5e-04 1
A549_GlutaminaC1_1_01.CDF 0.52743 0.41953 0.03352 0.00784 0.01298 -0.00068 -0.00062 1
A549_GlutaminaC1_1_01.CDF 0.49733 0.44721 0.03539 0.00846 0.01283 -0.00074 -0.00049 1
A549_GlutaminaC1_1_01.CDF 0.49802 0.44667 0.03624 0.00682 0.01324 -0.00031 -0.00068 1
A549_GlutaminaC1_1_01.CDF 0.49606 0.44771 0.03593 0.00853 0.01301 -0.00064 -6e-04 1
A549_GlutaminaC1_1_01.CDF 0.49381 0.4484 0.03798 0.00728 0.01334 -0.00022 -0.00059 1
A549_GlutaminaC1_1_01.CDF 0.49317 0.44729 0.03882 0.00974 0.0117 -0.00012 -6e-04 1
A549_GlutaminaC1_1_01.CDF 0.49362 0.44754 0.03877 0.00736 0.01407 -0.00072 -0.00064 1
A549_GlutaminaC1_1_01.CDF 0.96761 -0.00089 0.01456 0.02058 -0.00069 -0.00144 0.00027 1
A549_GlutaminaC1_1_01.CDF 0.22873 0.69183 0.04982 0.01333 0.01743 -0.00017 -0.00097 1
A549_GlutaminaC1_1_01.CDF 0.22859 0.69346 0.04786 0.0138 0.01701 0.00015 -0.00088 1
A549_GlutaminaC1_1_01.CDF 0.22179 0.71064 0.03631 0.01524 0.01695 -4e-05 -9e-04 1
A549_GlutaminaC1_1_01.CDF 0.22082 0.71078 0.03691 0.01601 0.01636 -5e-05 -0.00083 1
A549_GlutaminaC1_1_01.CDF 0.22656 0.69781 0.04492 0.01558 0.01572 0.00035 -0.00094 1
A549_GlutaminaC1_1_01.CDF 0.22233 0.70381 0.04392 0.01472 0.01636 -0.00056 -0.00058 1
A549_GlutaminaC1_1_01.CDF 0.45902 0.48937 0.03034 0.00901 0.0136 -0.00067 -0.00068 1
A549_GlutaminaC1_1_01.CDF 0.46046 0.48811 0.03009 0.00891 0.01352 -0.00041 -0.00068 1
A549_GlutaminaC1_1_01.CDF 0.45787 0.48936 0.0312 0.00864 0.01425 -0.00059 -0.00072 1
A549_GlutaminaC1_1_01.CDF 0.46426 0.48445 0.03057 0.00891 0.01311 -0.00067 -0.00062 1
A549_GlutaminaC1_1_01.CDF 0.46249 0.48545 0.03032 0.00938 0.01376 -0.00071 -0.00069 1
A549_GlutaminaC1_1_01.CDF 0.46058 0.48583 0.03244 0.00882 0.01376 -0.00076 -0.00067 1
A549_GlutaminaC1_1_01.CDF 0.4851 0.46678 0.02812 0.00848 0.01268 -0.00049 -0.00067 1
A549_GlutaminaC1_1_01.CDF 0.48468 0.46672 0.02862 0.00868 0.01244 -0.00058 -0.00056 1
A549_GlutaminaC1_1_01.CDF 0.48243 0.46877 0.02796 0.00889 0.01324 -0.00061 -0.00068 1


*Correction:  -0.29633 0.15532 0.06964 0.04335 0.02065 0.00567 0.00126


---- Glucose  ---
*** MID for each injection, corrected only for natural 13C, 29,30Si, 33,34S ***
20120713 A549 0H Glucosa C1C2 1_S200 G3_001.CDF 0.54665 0.00056 0.44003 -0.00012 0.01202 0.00049 0.00038 1
20120713 A549 0H Glucosa C1C2 1_S200 G3_001.CDF 0.5476 0.00044 0.43993 -0.00032 0.01169 0.00032 0.00034 1
20120713 A549 0H Glucosa C1C2 1_S200 G3_001.CDF 0.54628 0.00109 0.43966 0.00013 0.01205 0.00046 0.00033 1
20120713 A549 0H Glucosa C1C2 1_S200 G3_001.CDF 0.54419 0.00046 0.4413 5e-05 0.01336 0.00032 0.00032 1
20120713 A549 0H Glucosa C1C2 1_S200 G3_001.CDF 0.54305 0.00073 0.44214 0.00017 0.01328 0.00031 0.00032 1
20120713 A549 0H Glucosa C1C2 1_S200 G3_001.CDF 0.54412 0.00052 0.44142 6e-05 0.01321 0.00034 0.00033 1
20120713 A549 0H Glucosa C1C2 1_S200 G3_001.CDF 0.55455 0.00034 0.43225 9e-05 0.01177 0.00061 4e-04 1
20120713 A549 0H Glucosa C1C2 1_S200 G3_001.CDF 0.55531 0.00056 0.43176 0.00044 0.01104 0.00054 0.00035 1
20120713 A549 0H Glucosa C1C2 1_S200 G3_001.CDF 0.55278 0.00093 0.43243 -0.00019 0.01319 0.00048 0.00039 1
20120713 A549 0H Glucosa C1C2 1_S200 G3_001.CDF 0.55405 0.00059 0.43351 -0.00016 0.01135 0.00038 0.00029 1
20120713 A549 0H Glucosa C1C2 1_S200 G3_001.CDF 0.55403 0.00023 0.43378 -0.00018 0.01151 0.00034 0.00029 1
20120713 A549 0H Glucosa C1C2 1_S200 G3_001.CDF 0.55289 0.00035 0.43304 -5e-05 0.01316 3e-04 0.00032 1
20120713 A549 0H Glucosa C1C2 1_S200 G3_001.CDF 0.555 7e-04 0.43148 0.00011 0.01194 0.00043 0.00035 1
20120713 A549 0H Glucosa C1C2 1_S200 G3_001.CDF 0.55319 0.00096 0.43173 0.00021 0.01318 0.00038 0.00034 1
20120713 A549 0H Glucosa C1C2 1_S200 G3_001.CDF 0.5538 0.00078 0.43146 0.00017 0.01311 0.00033 0.00034 1
20120713 A549 0H Glucosa C1C2 1_S200 G3_001.CDF 0.97158 0.00071 0.02592 0.00084 0.00066 0.00018 0.00011 1
20120713 A549 0H Glucosa C1C2 1_S200 G3_001.CDF 0.52777 0.00207 0.45645 0.00183 0.01127 0.00031 3e-04 1
20120713 A549 0H Glucosa C1C2 1_S200 G3_001.CDF 0.52778 0.00211 0.45671 0.00187 0.01093 0.00032 0.00029 1
20120713 A549 0H Glucosa C1C2 1_S200 G3_001.CDF 0.52747 0.00204 0.45601 0.00178 0.01203 0.00035 0.00032 1
20120713 A549 0H Glucosa C1C2 1_S200 G3_001.CDF 0.52791 0.00194 0.45664 0.00154 0.01125 4e-04 0.00031 1
20120713 A549 0H Glucosa C1C2 1_S200 G3_001.CDF 0.52794 0.00188 0.45587 0.00167 0.01183 0.00046 0.00033 1
20120713 A549 0H Glucosa C1C2 1_S200 G3_001.CDF 0.52773 0.00196 0.45631 0.00171 0.01166 0.00033 3e-04 1
20120713 A549 0H Glucosa C1C2 1_S200 G3_001.CDF 0.55163 0.00073 0.43366 0.00085 0.01234 0.00043 0.00035 1
20120713 A549 0H Glucosa C1C2 1_S200 G3_001.CDF 0.55117 0.00118 0.43329 0.00148 0.01183 0.00064 0.00042 1
20120713 A549 0H Glucosa C1C2 1_S200 G3_001.CDF 0.55149 0.00108 0.43359 0.00114 0.01174 0.00057 0.00038 1
20120713 A549 0H Glucosa C1C2 1_S200 G3_001.CDF 0.54621 0.00037 0.44067 0.00071 0.01141 0.00032 0.00031 1
20120713 A549 0H Glucosa C1C2 1_S200 G3_001.CDF 0.54529 0.00111 0.43914 0.00117 0.01241 5e-04 0.00038 1
20120713 A549 0H Glucosa C1C2 1_S200 G3_001.CDF 0.54537 0.00109 0.43943 0.00095 0.01223 0.00054 0.00038 1
20120713 A549 0H Glucosa C1C2 1_S200 G3_001.CDF 0.55556 0.00071 0.43018 0.00093 0.01179 5e-04 0.00034 1
20120713 A549 0H Glucosa C1C2 1_S200 G3_001.CDF 0.55502 0.00109 0.42951 0.00128 0.01221 0.00053 0.00036 1
20120713 A549 0H Glucosa C1C2 1_S200 G3_001.CDF 0.55498 0.00106 0.42957 0.00129 0.01218 0.00053 0.00038 1
20120713 A549 0H Glucosa C1C2 1_S200 G3_001.CDF 0.9699 0.00293 0.0258 0.00059 0.00064 1e-04 5e-05 1
20120713 A549 0H Glucosa C1C2 1_S200 G3_001.CDF 0.4878 0.00157 0.49452 0.00205 0.01341 0.00038 0.00028 1
20120713 A549 0H Glucosa C1C2 1_S200 G3_001.CDF 0.48747 0.00194 0.49401 0.00225 0.0136 0.00042 0.00031 1
20120713 A549 0H Glucosa C1C2 1_S200 G3_001.CDF 0.48768 0.00191 0.49374 0.00228 0.01363 4e-04 0.00035 1
20120713 A549 0H Glucosa C1C2 1_S200 G3_001.CDF 0.48742 0.00154 0.49434 0.0018 0.01433 0.00029 0.00029 1
20120713 A549 0H Glucosa C1C2 1_S200 G3_001.CDF 0.48811 0.00158 0.49481 0.00172 0.01323 0.00028 0.00027 1
20120713 A549 0H Glucosa C1C2 1_S200 G3_001.CDF 0.48553 0.00163 0.49593 0.00206 0.01421 0.00035 3e-04 1
20120713 A549 0H Glucosa C1C2 1_S200 G3_001.CDF 0.48627 0.00188 0.49568 0.00208 0.01347 0.00033 0.00029 1
20120713 A549 0H Glucosa C1C2 1_S200 G3_001.CDF 0.486 0.00161 0.49525 0.0019 0.01456 0.00038 3e-04 1
20120713 A549 0H Glucosa C1C2 1_S200 G3_001.CDF 0.96913 0.00291 0.02666 0.00064 0.00056 8e-05 2e-05 1
20120713 A549 0H Glucosa C1C2 1_S200 G3_001.CDF 0.48545 0.00199 0.4961 0.00204 0.0138 0.00034 0.00029 1
20120713 A549 0H Glucosa C1C2 1_S200 G3_001.CDF 0.48519 0.0018 0.49573 0.00208 0.01451 0.00039 3e-04 1
20120713 A549 0H Glucosa C1C2 1_S200 G3_001.CDF 0.48636 0.0018 0.49528 0.00222 0.01362 0.00042 0.00031 1
20120713 A549 0H Glucosa C1C2 1_S200 G3_001.CDF 0.48548 0.00203 0.49595 0.0022 0.01365 0.00042 0.00027 1
20120713 A549 0H Glucosa C1C2 1_S200 G3_001.CDF 0.48557 0.00195 0.49607 0.00227 0.01343 0.00043 0.00028 1
20120713 A549 0H Glucosa C1C2 1_S200 G3_001.CDF 0.48675 0.00206 0.49435 0.00246 0.01357 0.00049 0.00032 1
20120713 A549 0H Glucosa C1C2 1_S200 G3_001.CDF 0.4876 0.00169 0.49491 0.00197 0.01325 3e-04 0.00028 1
20120713 A549 0H Glucosa C1C2 1_S200 G3_001.CDF 0.48696 0.00175 0.49429 0.00208 0.01435 0.00028 0.00029 1


*** All samples fully corrected **
20120713 A549 0H Glucosa C1C2 1_S200 G3_001.CDF 1 0 0 0 0 0 0 1
20120713 A549 0H Glucosa C1C2 1_S200 G3_001.CDF 0.5476 0.00044 0.43993 -0.00032 0.01169 0.00032 0.00034 1
20120713 A549 0H Glucosa C1C2 1_S200 G3_001.CDF 0.54628 0.00109 0.43966 0.00013 0.01205 0.00046 0.00033 1
20120713 A549 0H Glucosa C1C2 1_S200 G3_001.CDF 0.54419 0.00046 0.4413 5e-05 0.01336 0.00032 0.00032 1
20120713 A549 0H Glucosa C1C2 1_S200 G3_001.CDF 0.54305 0.00073 0.44214 0.00017 0.01328 0.00031 0.00032 1
20120713 A549 0H Glucosa C1C2 1_S200 G3_001.CDF 0.54412 0.00052 0.44142 6e-05 0.01321 0.00034 0.00033 1
20120713 A549 0H Glucosa C1C2 1_S200 G3_001.CDF 0.55455 0.00034 0.43225 9e-05 0.01177 0.00061 4e-04 1
20120713 A549 0H Glucosa C1C2 1_S200 G3_001.CDF 0.55531 0.00056 0.43176 0.00044 0.01104 0.00054 0.00035 1
20120713 A549 0H Glucosa C1C2 1_S200 G3_001.CDF 0.55278 0.00093 0.43243 -0.00019 0.01319 0.00048 0.00039 1
20120713 A549 0H Glucosa C1C2 1_S200 G3_001.CDF 0.55405 0.00059 0.43351 -0.00016 0.01135 0.00038 0.00029 1
20120713 A549 0H Glucosa C1C2 1_S200 G3_001.CDF 0.55403 0.00023 0.43378 -0.00018 0.01151 0.00034 0.00029 1
20120713 A549 0H Glucosa C1C2 1_S200 G3_001.CDF 0.55289 0.00035 0.43304 -5e-05 0.01316 3e-04 0.00032 1
20120713 A549 0H Glucosa C1C2 1_S200 G3_001.CDF 0.555 7e-04 0.43148 0.00011 0.01194 0.00043 0.00035 1
20120713 A549 0H Glucosa C1C2 1_S200 G3_001.CDF 0.55319 0.00096 0.43173 0.00021 0.01318 0.00038 0.00034 1
20120713 A549 0H Glucosa C1C2 1_S200 G3_001.CDF 0.5538 0.00078 0.43146 0.00017 0.01311 0.00033 0.00034 1
20120713 A549 0H Glucosa C1C2 1_S200 G3_001.CDF 0.97158 0.00071 0.02592 0.00084 0.00066 0.00018 0.00011 1
20120713 A549 0H Glucosa C1C2 1_S200 G3_001.CDF 0.52777 0.00207 0.45645 0.00183 0.01127 0.00031 3e-04 1
20120713 A549 0H Glucosa C1C2 1_S200 G3_001.CDF 0.52778 0.00211 0.45671 0.00187 0.01093 0.00032 0.00029 1
20120713 A549 0H Glucosa C1C2 1_S200 G3_001.CDF 0.52747 0.00204 0.45601 0.00178 0.01203 0.00035 0.00032 1
20120713 A549 0H Glucosa C1C2 1_S200 G3_001.CDF 0.52791 0.00194 0.45664 0.00154 0.01125 4e-04 0.00031 1
20120713 A549 0H Glucosa C1C2 1_S200 G3_001.CDF 0.52794 0.00188 0.45587 0.00167 0.01183 0.00046 0.00033 1
20120713 A549 0H Glucosa C1C2 1_S200 G3_001.CDF 0.52773 0.00196 0.45631 0.00171 0.01166 0.00033 3e-04 1
20120713 A549 0H Glucosa C1C2 1_S200 G3_001.CDF 0.55163 0.00073 0.43366 0.00085 0.01234 0.00043 0.00035 1
20120713 A549 0H Glucosa C1C2 1_S200 G3_001.CDF 0.55117 0.00118 0.43329 0.00148 0.01183 0.00064 0.00042 1
20120713 A549 0H Glucosa C1C2 1_S200 G3_001.CDF 0.55149 0.00108 0.43359 0.00114 0.01174 0.00057 0.00038 1
20120713 A549 0H Glucosa C1C2 1_S200 G3_001.CDF 0.54621 0.00037 0.44067 0.00071 0.01141 0.00032 0.00031 1
20120713 A549 0H Glucosa C1C2 1_S200 G3_001.CDF 0.54529 0.00111 0.43914 0.00117 0.01241 5e-04 0.00038 1
20120713 A549 0H Glucosa C1C2 1_S200 G3_001.CDF 0.54537 0.00109 0.43943 0.00095 0.01223 0.00054 0.00038 1
20120713 A549 0H Glucosa C1C2 1_S200 G3_001.CDF 0.55556 0.00071 0.43018 0.00093 0.01179 5e-04 0.00034 1
20120713 A549 0H Glucosa C1C2 1_S200 G3_001.CDF 0.55502 0.00109 0.42951 0.00128 0.01221 0.00053 0.00036 1
20120713 A549 0H Glucosa C1C2 1_S200 G3_001.CDF 0.55498 0.00106 0.42957 0.00129 0.01218 0.00053 0.00038 1
20120713 A549 0H Glucosa C1C2 1_S200 G3_001.CDF 0.9699 0.00293 0.0258 0.00059 0.00064 1e-04 5e-05 1
20120713 A549 0H Glucosa C1C2 1_S200 G3_001.CDF 0.4878 0.00157 0.49452 0.00205 0.01341 0.00038 0.00028 1
20120713 A549 0H Glucosa C1C2 1_S200 G3_001.CDF 0.48747 0.00194 0.49401 0.00225 0.0136 0.00042 0.00031 1
20120713 A549 0H Glucosa C1C2 1_S200 G3_001.CDF 0.48768 0.00191 0.49374 0.00228 0.01363 4e-04 0.00035 1
20120713 A549 0H Glucosa C1C2 1_S200 G3_001.CDF 0.48742 0.00154 0.49434 0.0018 0.01433 0.00029 0.00029 1
20120713 A549 0H Glucosa C1C2 1_S200 G3_001.CDF 0.48811 0.00158 0.49481 0.00172 0.01323 0.00028 0.00027 1
20120713 A549 0H Glucosa C1C2 1_S200 G3_001.CDF 0.48553 0.00163 0.49593 0.00206 0.01421 0.00035 3e-04 1
20120713 A549 0H Glucosa C1C2 1_S200 G3_001.CDF 0.48627 0.00188 0.49568 0.00208 0.01347 0.00033 0.00029 1
20120713 A549 0H Glucosa C1C2 1_S200 G3_001.CDF 0.486 0.00161 0.49525 0.0019 0.01456 0.00038 3e-04 1
20120713 A549 0H Glucosa C1C2 1_S200 G3_001.CDF 0.96913 0.00291 0.02666 0.00064 0.00056 8e-05 2e-05 1
20120713 A549 0H Glucosa C1C2 1_S200 G3_001.CDF 0.48545 0.00199 0.4961 0.00204 0.0138 0.00034 0.00029 1
20120713 A549 0H Glucosa C1C2 1_S200 G3_001.CDF 0.48519 0.0018 0.49573 0.00208 0.01451 0.00039 3e-04 1
20120713 A549 0H Glucosa C1C2 1_S200 G3_001.CDF 0.48636 0.0018 0.49528 0.00222 0.01362 0.00042 0.00031 1
20120713 A549 0H Glucosa C1C2 1_S200 G3_001.CDF 0.48548 0.00203 0.49595 0.0022 0.01365 0.00042 0.00027 1
20120713 A549 0H Glucosa C1C2 1_S200 G3_001.CDF 0.48557 0.00195 0.49607 0.00227 0.01343 0.00043 0.00028 1
20120713 A549 0H Glucosa C1C2 1_S200 G3_001.CDF 0.48675 0.00206 0.49435 0.00246 0.01357 0.00049 0.00032 1
20120713 A549 0H Glucosa C1C2 1_S200 G3_001.CDF 0.4876 0.00169 0.49491 0.00197 0.01325 3e-04 0.00028 1
20120713 A549 0H Glucosa C1C2 1_S200 G3_001.CDF 0.48696 0.00175 0.49429 0.00208 0.01435 0.00028 0.00029 1


*Correction:  -0.38831 -0.05998 0.38104 0.05113 0.01389 0.00175 0.00048


---- Glutamate2-4  ---
*** MID for each injection, corrected only for natural 13C, 29,30Si, 33,34S ***
20121108 A549 24h Glucosa_C1C2 1_01.CDF 0.86274 0.11147 0.02221 0.00358 1
20121108 A549 24h Glucosa_C1C2 1_01.CDF 0.86362 0.11124 0.02163 0.00352 1
20121108 A549 24h Glucosa_C1C2 1_01.CDF 0.86354 0.11141 0.02152 0.00353 1
20121108 A549 24h Glucosa_C1C2 1_01.CDF 0.86375 0.11088 0.0218 0.00357 1
20121108 A549 24h Glucosa_C1C2 1_01.CDF 0.86408 0.11106 0.02135 0.00351 1
20121108 A549 24h Glucosa_C1C2 1_01.CDF 0.86324 0.11138 0.02184 0.00353 1
20121108 A549 24h Glucosa_C1C2 1_01.CDF 0.8632 0.11099 0.02228 0.00353 1
20121108 A549 24h Glucosa_C1C2 1_01.CDF 0.86348 0.11135 0.02171 0.00345 1
20121108 A549 24h Glucosa_C1C2 1_01.CDF 0.86286 0.11163 0.022 0.00351 1
20121108 A549 24h Glucosa_C1C2 1_01.CDF 0.22322 0.71945 0.04497 0.01236 1
20121108 A549 24h Glucosa_C1C2 1_01.CDF 0.22306 0.71935 0.04521 0.01238 1
20121108 A549 24h Glucosa_C1C2 1_01.CDF 0.22292 0.71949 0.04519 0.01239 1
20121108 A549 24h Glucosa_C1C2 1_01.CDF 0.21769 0.72451 0.04516 0.01265 1
20121108 A549 24h Glucosa_C1C2 1_01.CDF 0.21759 0.7246 0.04533 0.01249 1
20121108 A549 24h Glucosa_C1C2 1_01.CDF 0.21755 0.72453 0.04541 0.01251 1
20121108 A549 24h Glucosa_C1C2 1_01.CDF 0.21232 0.72956 0.04557 0.01255 1
20121108 A549 24h Glucosa_C1C2 1_01.CDF 0.21252 0.72896 0.04587 0.01265 1
20121108 A549 24h Glucosa_C1C2 1_01.CDF 0.21198 0.7298 0.04564 0.01257 1
20121108 A549 24h Glucosa_C1C2 1_01.CDF 0.89728 0.08496 0.01542 0.00234 1
20121108 A549 24h Glucosa_C1C2 1_01.CDF 0.84626 0.12321 0.02589 0.00464 1
20121108 A549 24h Glucosa_C1C2 1_01.CDF 0.8462 0.1233 0.02581 0.00469 1
20121108 A549 24h Glucosa_C1C2 1_01.CDF 0.84619 0.12339 0.0258 0.00461 1
20121108 A549 24h Glucosa_C1C2 1_01.CDF 0.84937 0.12056 0.02558 0.00449 1
20121108 A549 24h Glucosa_C1C2 1_01.CDF 0.84971 0.12041 0.02548 0.0044 1
20121108 A549 24h Glucosa_C1C2 1_01.CDF 0.84997 0.12056 0.02502 0.00445 1
20121108 A549 24h Glucosa_C1C2 1_01.CDF 0.84643 0.12264 0.0263 0.00463 1
20121108 A549 24h Glucosa_C1C2 1_01.CDF 0.84648 0.12293 0.02597 0.00462 1
20121108 A549 24h Glucosa_C1C2 1_01.CDF 0.84692 0.12284 0.02566 0.00458 1
20121108 A549 24h Glucosa_C1C2 1_01.CDF 0.24111 0.70431 0.04247 0.0121 1
20121108 A549 24h Glucosa_C1C2 1_01.CDF 0.2411 0.70452 0.04249 0.01189 1
20121108 A549 24h Glucosa_C1C2 1_01.CDF 0.24092 0.70436 0.04264 0.01208 1
20121108 A549 24h Glucosa_C1C2 1_01.CDF 0.21923 0.72557 0.04299 0.01221 1
20121108 A549 24h Glucosa_C1C2 1_01.CDF 0.21891 0.72606 0.04269 0.01233 1
20121108 A549 24h Glucosa_C1C2 1_01.CDF 0.2192 0.72574 0.04288 0.01218 1
20121108 A549 24h Glucosa_C1C2 1_01.CDF 0.24649 0.69902 0.0426 0.01189 1
20121108 A549 24h Glucosa_C1C2 1_01.CDF 0.24696 0.69866 0.0424 0.01198 1
20121108 A549 24h Glucosa_C1C2 1_01.CDF 0.24719 0.69872 0.04222 0.01187 1
20121108 A549 24h Glucosa_C1C2 1_01.CDF 0.89419 0.08642 0.01682 0.00256 1
20121108 A549 24h Glucosa_C1C2 1_01.CDF 0.87846 0.09627 0.01983 0.00544 1
20121108 A549 24h Glucosa_C1C2 1_01.CDF 0.87007 0.10084 0.02298 0.00612 1
20121108 A549 24h Glucosa_C1C2 1_01.CDF 0.87517 0.09964 0.02019 0.005 1
20121108 A549 24h Glucosa_C1C2 1_01.CDF 0.87096 0.10038 0.02263 0.00603 1
20121108 A549 24h Glucosa_C1C2 1_01.CDF 0.87127 0.10009 0.02264 0.006 1
20121108 A549 24h Glucosa_C1C2 1_01.CDF 0.87057 0.10064 0.02264 0.00615 1
20121108 A549 24h Glucosa_C1C2 1_01.CDF 0.8714 0.09994 0.02268 0.00597 1
20121108 A549 24h Glucosa_C1C2 1_01.CDF 0.00179 0.92857 0.052 0.01764 1
20121108 A549 24h Glucosa_C1C2 1_01.CDF 0.00243 0.92792 0.05193 0.01772 1
20121108 A549 24h Glucosa_C1C2 1_01.CDF 0.00329 0.92601 0.05238 0.01832 1
20121108 A549 24h Glucosa_C1C2 1_01.CDF 0.00421 0.92364 0.05219 0.01996 1
20121108 A549 24h Glucosa_C1C2 1_01.CDF 0.00287 0.92674 0.05238 0.01802 1
20121108 A549 24h Glucosa_C1C2 1_01.CDF 0.0042 0.92398 0.05202 0.0198 1


*** All samples fully corrected **
20121108 A549 24h Glucosa_C1C2 1_01.CDF 1 0 0 0 1
20121108 A549 24h Glucosa_C1C2 1_01.CDF 0.86362 0.11124 0.02163 0.00352 1
20121108 A549 24h Glucosa_C1C2 1_01.CDF 0.86354 0.11141 0.02152 0.00353 1
20121108 A549 24h Glucosa_C1C2 1_01.CDF 0.86375 0.11088 0.0218 0.00357 1
20121108 A549 24h Glucosa_C1C2 1_01.CDF 0.86408 0.11106 0.02135 0.00351 1
20121108 A549 24h Glucosa_C1C2 1_01.CDF 0.86324 0.11138 0.02184 0.00353 1
20121108 A549 24h Glucosa_C1C2 1_01.CDF 0.8632 0.11099 0.02228 0.00353 1
20121108 A549 24h Glucosa_C1C2 1_01.CDF 0.86348 0.11135 0.02171 0.00345 1
20121108 A549 24h Glucosa_C1C2 1_01.CDF 0.86286 0.11163 0.022 0.00351 1
20121108 A549 24h Glucosa_C1C2 1_01.CDF 0.22322 0.71945 0.04497 0.01236 1
20121108 A549 24h Glucosa_C1C2 1_01.CDF 0.22306 0.71935 0.04521 0.01238 1
20121108 A549 24h Glucosa_C1C2 1_01.CDF 0.22292 0.71949 0.04519 0.01239 1
20121108 A549 24h Glucosa_C1C2 1_01.CDF 0.21769 0.72451 0.04516 0.01265 1
20121108 A549 24h Glucosa_C1C2 1_01.CDF 0.21759 0.7246 0.04533 0.01249 1
20121108 A549 24h Glucosa_C1C2 1_01.CDF 0.21755 0.72453 0.04541 0.01251 1
20121108 A549 24h Glucosa_C1C2 1_01.CDF 0.21232 0.72956 0.04557 0.01255 1
20121108 A549 24h Glucosa_C1C2 1_01.CDF 0.21252 0.72896 0.04587 0.01265 1
20121108 A549 24h Glucosa_C1C2 1_01.CDF 0.21198 0.7298 0.04564 0.01257 1
20121108 A549 24h Glucosa_C1C2 1_01.CDF 0.89728 0.08496 0.01542 0.00234 1
20121108 A549 24h Glucosa_C1C2 1_01.CDF 0.84626 0.12321 0.02589 0.00464 1
20121108 A549 24h Glucosa_C1C2 1_01.CDF 0.8462 0.1233 0.02581 0.00469 1
20121108 A549 24h Glucosa_C1C2 1_01.CDF 0.84619 0.12339 0.0258 0.00461 1
20121108 A549 24h Glucosa_C1C2 1_01.CDF 0.84937 0.12056 0.02558 0.00449 1
20121108 A549 24h Glucosa_C1C2 1_01.CDF 0.84971 0.12041 0.02548 0.0044 1
20121108 A549 24h Glucosa_C1C2 1_01.CDF 0.84997 0.12056 0.02502 0.00445 1
20121108 A549 24h Glucosa_C1C2 1_01.CDF 0.84643 0.12264 0.0263 0.00463 1
20121108 A549 24h Glucosa_C1C2 1_01.CDF 0.84648 0.12293 0.02597 0.00462 1
20121108 A549 24h Glucosa_C1C2 1_01.CDF 0.84692 0.12284 0.02566 0.00458 1
20121108 A549 24h Glucosa_C1C2 1_01.CDF 0.24111 0.70431 0.04247 0.0121 1
20121108 A549 24h Glucosa_C1C2 1_01.CDF 0.2411 0.70452 0.04249 0.01189 1
20121108 A549 24h Glucosa_C1C2 1_01.CDF 0.24092 0.70436 0.04264 0.01208 1
20121108 A549 24h Glucosa_C1C2 1_01.CDF 0.21923 0.72557 0.04299 0.01221 1
20121108 A549 24h Glucosa_C1C2 1_01.CDF 0.21891 0.72606 0.04269 0.01233 1
20121108 A549 24h Glucosa_C1C2 1_01.CDF 0.2192 0.72574 0.04288 0.01218 1
20121108 A549 24h Glucosa_C1C2 1_01.CDF 0.24649 0.69902 0.0426 0.01189 1
20121108 A549 24h Glucosa_C1C2 1_01.CDF 0.24696 0.69866 0.0424 0.01198 1
20121108 A549 24h Glucosa_C1C2 1_01.CDF 0.24719 0.69872 0.04222 0.01187 1
20121108 A549 24h Glucosa_C1C2 1_01.CDF 0.89419 0.08642 0.01682 0.00256 1
20121108 A549 24h Glucosa_C1C2 1_01.CDF 0.87846 0.09627 0.01983 0.00544 1
20121108 A549 24h Glucosa_C1C2 1_01.CDF 0.87007 0.10084 0.02298 0.00612 1
20121108 A549 24h Glucosa_C1C2 1_01.CDF 0.87517 0.09964 0.02019 0.005 1
20121108 A549 24h Glucosa_C1C2 1_01.CDF 0.87096 0.10038 0.02263 0.00603 1
20121108 A549 24h Glucosa_C1C2 1_01.CDF 0.87127 0.10009 0.02264 0.006 1
20121108 A549 24h Glucosa_C1C2 1_01.CDF 0.87057 0.10064 0.02264 0.00615 1
20121108 A549 24h Glucosa_C1C2 1_01.CDF 0.8714 0.09994 0.02268 0.00597 1
20121108 A549 24h Glucosa_C1C2 1_01.CDF 0.00179 0.92857 0.052 0.01764 1
20121108 A549 24h Glucosa_C1C2 1_01.CDF 0.00243 0.92792 0.05193 0.01772 1
20121108 A549 24h Glucosa_C1C2 1_01.CDF 0.00329 0.92601 0.05238 0.01832 1
20121108 A549 24h Glucosa_C1C2 1_01.CDF 0.00421 0.92364 0.05219 0.01996 1
20121108 A549 24h Glucosa_C1C2 1_01.CDF 0.00287 0.92674 0.05238 0.01802 1
20121108 A549 24h Glucosa_C1C2 1_01.CDF 0.0042 0.92398 0.05202 0.0198 1


*Correction:  -0.1342 0.09861 0.02593 0.00436


---- Glutamate2-5  ---
*** MID for each injection, corrected only for natural 13C, 29,30Si, 33,34S ***
20121108 A549 24h Glucosa_C1C2 1_01.CDF 0.94116 0.01442 0.04005 0.00201 0.00235 1
20121108 A549 24h Glucosa_C1C2 1_01.CDF 0.93773 0.01424 0.04325 0.00222 0.00257 1
20121108 A549 24h Glucosa_C1C2 1_01.CDF 0.93802 0.01408 0.04314 0.00219 0.00256 1
20121108 A549 24h Glucosa_C1C2 1_01.CDF 0.93722 0.01398 0.04409 0.0021 0.00261 1
20121108 A549 24h Glucosa_C1C2 1_01.CDF 0.94254 0.01402 0.03921 0.0019 0.00233 1
20121108 A549 24h Glucosa_C1C2 1_01.CDF 0.93805 0.01456 0.0427 0.00213 0.00255 1
20121108 A549 24h Glucosa_C1C2 1_01.CDF 0.93739 0.01376 0.04399 0.00222 0.00264 1
20121108 A549 24h Glucosa_C1C2 1_01.CDF 0.93734 0.01453 0.04332 0.00221 0.0026 1
20121108 A549 24h Glucosa_C1C2 1_01.CDF 0.93818 0.01384 0.04326 0.00216 0.00257 1
20121108 A549 24h Glucosa_C1C2 1_01.CDF 0.23081 0.74683 0.01342 0.00815 0.00078 1
20121108 A549 24h Glucosa_C1C2 1_01.CDF 0.23067 0.74672 0.01378 0.00805 0.00078 1
20121108 A549 24h Glucosa_C1C2 1_01.CDF 0.22988 0.74566 0.01573 0.00799 0.00074 1
20121108 A549 24h Glucosa_C1C2 1_01.CDF 0.2247 0.75587 0.01037 0.00831 0.00076 1
20121108 A549 24h Glucosa_C1C2 1_01.CDF 0.22344 0.75311 0.01458 0.00812 0.00074 1
20121108 A549 24h Glucosa_C1C2 1_01.CDF 0.22357 0.7515 0.01625 0.00793 0.00075 1
20121108 A549 24h Glucosa_C1C2 1_01.CDF 0.2184 0.75767 0.01507 0.00812 0.00074 1
20121108 A549 24h Glucosa_C1C2 1_01.CDF 0.21839 0.75793 0.01482 0.0081 0.00075 1
20121108 A549 24h Glucosa_C1C2 1_01.CDF 0.2186 0.75679 0.0157 0.00817 0.00073 1
20121108 A549 24h Glucosa_C1C2 1_01.CDF 0.98162 0.0065 0.00961 0.00028 0.00199 1
20121108 A549 24h Glucosa_C1C2 1_01.CDF 0.918 0.01709 0.05772 0.0038 0.0034 1
20121108 A549 24h Glucosa_C1C2 1_01.CDF 0.91783 0.01761 0.05736 0.00379 0.00341 1
20121108 A549 24h Glucosa_C1C2 1_01.CDF 0.91822 0.01707 0.05755 0.00377 0.0034 1
20121108 A549 24h Glucosa_C1C2 1_01.CDF 0.92122 0.01645 0.05544 0.00357 0.00333 1
20121108 A549 24h Glucosa_C1C2 1_01.CDF 0.92136 0.01682 0.05498 0.00349 0.00336 1
20121108 A549 24h Glucosa_C1C2 1_01.CDF 0.92122 0.01648 0.05556 0.00341 0.00333 1
20121108 A549 24h Glucosa_C1C2 1_01.CDF 0.91836 0.01697 0.05747 0.00384 0.00336 1
20121108 A549 24h Glucosa_C1C2 1_01.CDF 0.91809 0.01733 0.05744 0.00381 0.00333 1
20121108 A549 24h Glucosa_C1C2 1_01.CDF 0.91825 0.0172 0.05747 0.00372 0.00336 1
20121108 A549 24h Glucosa_C1C2 1_01.CDF 0.25054 0.7255 0.01587 0.00732 0.00076 1
20121108 A549 24h Glucosa_C1C2 1_01.CDF 0.2504 0.72648 0.01479 0.0075 0.00083 1
20121108 A549 24h Glucosa_C1C2 1_01.CDF 0.25117 0.72534 0.01542 0.00733 0.00074 1
20121108 A549 24h Glucosa_C1C2 1_01.CDF 0.22541 0.7512 0.01508 0.00762 0.00069 1
20121108 A549 24h Glucosa_C1C2 1_01.CDF 0.22581 0.74944 0.01633 0.00768 0.00074 1
20121108 A549 24h Glucosa_C1C2 1_01.CDF 0.22521 0.75089 0.01545 0.00766 0.00078 1
20121108 A549 24h Glucosa_C1C2 1_01.CDF 0.25777 0.71846 0.01561 0.00738 0.00078 1
20121108 A549 24h Glucosa_C1C2 1_01.CDF 0.25837 0.71979 0.01362 0.0074 0.00081 1
20121108 A549 24h Glucosa_C1C2 1_01.CDF 0.25779 0.71783 0.01624 0.00735 0.00079 1
20121108 A549 24h Glucosa_C1C2 1_01.CDF 0.97879 0.00826 0.01046 0.00029 0.00221 1
20121108 A549 24h Glucosa_C1C2 1_01.CDF 0.97575 0.0126 0.00958 0.00017 0.0019 1
20121108 A549 24h Glucosa_C1C2 1_01.CDF 0.9679 0.01181 0.01722 0.00085 0.00221 1
20121108 A549 24h Glucosa_C1C2 1_01.CDF 0.96652 0.01168 0.01858 0.00088 0.00234 1
20121108 A549 24h Glucosa_C1C2 1_01.CDF 0.96786 0.01276 0.01646 0.00079 0.00213 1
20121108 A549 24h Glucosa_C1C2 1_01.CDF 0.96744 0.0128 0.01677 0.00081 0.00218 1
20121108 A549 24h Glucosa_C1C2 1_01.CDF 0.96721 0.01367 0.01625 0.00073 0.00214 1
20121108 A549 24h Glucosa_C1C2 1_01.CDF 0.9713 0.00908 0.01666 0.00077 0.00218 1
20121108 A549 24h Glucosa_C1C2 1_01.CDF 0 0.97261 0.01789 0.00918 0.00031 1
20121108 A549 24h Glucosa_C1C2 1_01.CDF 0 0.9726 0.01777 0.00933 0.00031 1
20121108 A549 24h Glucosa_C1C2 1_01.CDF 0 0.97341 0.01719 0.00912 0.00028 1
20121108 A549 24h Glucosa_C1C2 1_01.CDF 0 0.97303 0.01741 0.00926 3e-04 1
20121108 A549 24h Glucosa_C1C2 1_01.CDF 0 0.97298 0.01752 0.0092 0.00029 1
20121108 A549 24h Glucosa_C1C2 1_01.CDF 0 0.97324 0.01713 0.00932 0.00032 1


*** All samples fully corrected **
20121108 A549 24h Glucosa_C1C2 1_01.CDF 1 0 0 0 0 1
20121108 A549 24h Glucosa_C1C2 1_01.CDF 0.93773 0.01424 0.04325 0.00222 0.00257 1
20121108 A549 24h Glucosa_C1C2 1_01.CDF 0.93802 0.01408 0.04314 0.00219 0.00256 1
20121108 A549 24h Glucosa_C1C2 1_01.CDF 0.93722 0.01398 0.04409 0.0021 0.00261 1
20121108 A549 24h Glucosa_C1C2 1_01.CDF 0.94254 0.01402 0.03921 0.0019 0.00233 1
20121108 A549 24h Glucosa_C1C2 1_01.CDF 0.93805 0.01456 0.0427 0.00213 0.00255 1
20121108 A549 24h Glucosa_C1C2 1_01.CDF 0.93739 0.01376 0.04399 0.00222 0.00264 1
20121108 A549 24h Glucosa_C1C2 1_01.CDF 0.93734 0.01453 0.04332 0.00221 0.0026 1
20121108 A549 24h Glucosa_C1C2 1_01.CDF 0.93818 0.01384 0.04326 0.00216 0.00257 1
20121108 A549 24h Glucosa_C1C2 1_01.CDF 0.23081 0.74683 0.01342 0.00815 0.00078 1
20121108 A549 24h Glucosa_C1C2 1_01.CDF 0.23067 0.74672 0.01378 0.00805 0.00078 1
20121108 A549 24h Glucosa_C1C2 1_01.CDF 0.22988 0.74566 0.01573 0.00799 0.00074 1
20121108 A549 24h Glucosa_C1C2 1_01.CDF 0.2247 0.75587 0.01037 0.00831 0.00076 1
20121108 A549 24h Glucosa_C1C2 1_01.CDF 0.22344 0.75311 0.01458 0.00812 0.00074 1
20121108 A549 24h Glucosa_C1C2 1_01.CDF 0.22357 0.7515 0.01625 0.00793 0.00075 1
20121108 A549 24h Glucosa_C1C2 1_01.CDF 0.2184 0.75767 0.01507 0.00812 0.00074 1
20121108 A549 24h Glucosa_C1C2 1_01.CDF 0.21839 0.75793 0.01482 0.0081 0.00075 1
20121108 A549 24h Glucosa_C1C2 1_01.CDF 0.2186 0.75679 0.0157 0.00817 0.00073 1
20121108 A549 24h Glucosa_C1C2 1_01.CDF 0.98162 0.0065 0.00961 0.00028 0.00199 1
20121108 A549 24h Glucosa_C1C2 1_01.CDF 0.918 0.01709 0.05772 0.0038 0.0034 1
20121108 A549 24h Glucosa_C1C2 1_01.CDF 0.91783 0.01761 0.05736 0.00379 0.00341 1
20121108 A549 24h Glucosa_C1C2 1_01.CDF 0.91822 0.01707 0.05755 0.00377 0.0034 1
20121108 A549 24h Glucosa_C1C2 1_01.CDF 0.92122 0.01645 0.05544 0.00357 0.00333 1
20121108 A549 24h Glucosa_C1C2 1_01.CDF 0.92136 0.01682 0.05498 0.00349 0.00336 1
20121108 A549 24h Glucosa_C1C2 1_01.CDF 0.92122 0.01648 0.05556 0.00341 0.00333 1
20121108 A549 24h Glucosa_C1C2 1_01.CDF 0.91836 0.01697 0.05747 0.00384 0.00336 1
20121108 A549 24h Glucosa_C1C2 1_01.CDF 0.91809 0.01733 0.05744 0.00381 0.00333 1
20121108 A549 24h Glucosa_C1C2 1_01.CDF 0.91825 0.0172 0.05747 0.00372 0.00336 1
20121108 A549 24h Glucosa_C1C2 1_01.CDF 0.25054 0.7255 0.01587 0.00732 0.00076 1
20121108 A549 24h Glucosa_C1C2 1_01.CDF 0.2504 0.72648 0.01479 0.0075 0.00083 1
20121108 A549 24h Glucosa_C1C2 1_01.CDF 0.25117 0.72534 0.01542 0.00733 0.00074 1
20121108 A549 24h Glucosa_C1C2 1_01.CDF 0.22541 0.7512 0.01508 0.00762 0.00069 1
20121108 A549 24h Glucosa_C1C2 1_01.CDF 0.22581 0.74944 0.01633 0.00768 0.00074 1
20121108 A549 24h Glucosa_C1C2 1_01.CDF 0.22521 0.75089 0.01545 0.00766 0.00078 1
20121108 A549 24h Glucosa_C1C2 1_01.CDF 0.25777 0.71846 0.01561 0.00738 0.00078 1
20121108 A549 24h Glucosa_C1C2 1_01.CDF 0.25837 0.71979 0.01362 0.0074 0.00081 1
20121108 A549 24h Glucosa_C1C2 1_01.CDF 0.25779 0.71783 0.01624 0.00735 0.00079 1
20121108 A549 24h Glucosa_C1C2 1_01.CDF 0.97879 0.00826 0.01046 0.00029 0.00221 1
20121108 A549 24h Glucosa_C1C2 1_01.CDF 0.97575 0.0126 0.00958 0.00017 0.0019 1
20121108 A549 24h Glucosa_C1C2 1_01.CDF 0.9679 0.01181 0.01722 0.00085 0.00221 1
20121108 A549 24h Glucosa_C1C2 1_01.CDF 0.96652 0.01168 0.01858 0.00088 0.00234 1
20121108 A549 24h Glucosa_C1C2 1_01.CDF 0.96786 0.01276 0.01646 0.00079 0.00213 1
20121108 A549 24h Glucosa_C1C2 1_01.CDF 0.96744 0.0128 0.01677 0.00081 0.00218 1
20121108 A549 24h Glucosa_C1C2 1_01.CDF 0.96721 0.01367 0.01625 0.00073 0.00214 1
20121108 A549 24h Glucosa_C1C2 1_01.CDF 0.9713 0.00908 0.01666 0.00077 0.00218 1
20121108 A549 24h Glucosa_C1C2 1_01.CDF 0 0.97261 0.01789 0.00918 0.00031 1
20121108 A549 24h Glucosa_C1C2 1_01.CDF 0 0.9726 0.01777 0.00933 0.00031 1
20121108 A549 24h Glucosa_C1C2 1_01.CDF 0 0.97341 0.01719 0.00912 0.00028 1
20121108 A549 24h Glucosa_C1C2 1_01.CDF 0 0.97303 0.01741 0.00926 3e-04 1
20121108 A549 24h Glucosa_C1C2 1_01.CDF 0 0.97298 0.01752 0.0092 0.00029 1
20121108 A549 24h Glucosa_C1C2 1_01.CDF 0 0.97324 0.01713 0.00932 0.00032 1


*Correction:  -0.0553 0.00995 0.03897 0.00367 0.00245


---- Lactate  ---
*** MID for each injection, corrected only for natural 13C, 29,30Si, 33,34S ***
20120905 A549 24h Glucosa_C1C2 1_03.CDF 0.79349 0.01711 0.18105 0.00835 1
20120905 A549 24h Glucosa_C1C2 1_03.CDF 0.79327 0.01693 0.18026 0.00955 1
20120905 A549 24h Glucosa_C1C2 1_03.CDF 0.79376 0.01694 0.1803 0.00899 1
20120905 A549 24h Glucosa_C1C2 1_03.CDF 0.79082 0.01674 0.18369 0.00875 1
20120905 A549 24h Glucosa_C1C2 1_03.CDF 0.79053 0.01679 0.18333 0.00935 1
20120905 A549 24h Glucosa_C1C2 1_03.CDF 0.79025 0.01693 0.18343 0.0094 1
20120905 A549 24h Glucosa_C1C2 1_03.CDF 0.79178 0.01689 0.18291 0.00842 1
20120905 A549 24h Glucosa_C1C2 1_03.CDF 0.79049 0.01707 0.18302 0.00941 1
20120905 A549 24h Glucosa_C1C2 1_03.CDF 0.79032 0.01702 0.18313 0.00953 1
20120905 A549 24h Glucosa_C1C2 1_03.CDF 0.98787 0.00064 0.01135 0.00013 1
20120905 A549 24h Glucosa_C1C2 1_03.CDF 0.78052 0.01609 0.19463 0.00875 1
20120905 A549 24h Glucosa_C1C2 1_03.CDF 0.78135 0.01589 0.19408 0.00867 1
20120905 A549 24h Glucosa_C1C2 1_03.CDF 0.78022 0.01639 0.19522 0.00818 1
20120905 A549 24h Glucosa_C1C2 1_03.CDF 0.7829 0.01595 0.19438 0.00677 1
20120905 A549 24h Glucosa_C1C2 1_03.CDF 0.78302 0.01581 0.19479 0.00638 1
20120905 A549 24h Glucosa_C1C2 1_03.CDF 0.78129 0.0161 0.19436 0.00825 1
20120905 A549 24h Glucosa_C1C2 1_03.CDF 0.78028 0.01623 0.19416 0.00933 1
20120905 A549 24h Glucosa_C1C2 1_03.CDF 0.78009 0.0162 0.19475 0.00896 1
20120905 A549 24h Glucosa_C1C2 1_03.CDF 0.78076 0.01608 0.19464 0.00852 1
20120905 A549 24h Glucosa_C1C2 1_03.CDF 0.98429 0.00279 0.01276 0.00016 1
20120905 A549 24h Glucosa_C1C2 1_03.CDF 0.98762 0.00301 0.00927 0.00011 1
20120905 A549 24h Glucosa_C1C2 1_03.CDF 0.75186 0.02578 0.21354 0.00882 1
20120905 A549 24h Glucosa_C1C2 1_03.CDF 0.75206 0.02565 0.2137 0.00858 1
20120905 A549 24h Glucosa_C1C2 1_03.CDF 0.75174 0.02591 0.2134 0.00895 1
20120905 A549 24h Glucosa_C1C2 1_03.CDF 0.75241 0.0256 0.21377 0.00822 1
20120905 A549 24h Glucosa_C1C2 1_03.CDF 0.75035 0.02643 0.21403 0.0092 1
20120905 A549 24h Glucosa_C1C2 1_03.CDF 0.75071 0.02613 0.21382 0.00933 1


*** All samples fully corrected **
20120905 A549 24h Glucosa_C1C2 1_03.CDF 1 0 0 0 1
20120905 A549 24h Glucosa_C1C2 1_03.CDF 0.79327 0.01693 0.18026 0.00955 1
20120905 A549 24h Glucosa_C1C2 1_03.CDF 0.79376 0.01694 0.1803 0.00899 1
20120905 A549 24h Glucosa_C1C2 1_03.CDF 0.79082 0.01674 0.18369 0.00875 1
20120905 A549 24h Glucosa_C1C2 1_03.CDF 0.79053 0.01679 0.18333 0.00935 1
20120905 A549 24h Glucosa_C1C2 1_03.CDF 0.79025 0.01693 0.18343 0.0094 1
20120905 A549 24h Glucosa_C1C2 1_03.CDF 0.79178 0.01689 0.18291 0.00842 1
20120905 A549 24h Glucosa_C1C2 1_03.CDF 0.79049 0.01707 0.18302 0.00941 1
20120905 A549 24h Glucosa_C1C2 1_03.CDF 0.79032 0.01702 0.18313 0.00953 1
20120905 A549 24h Glucosa_C1C2 1_03.CDF 0.98787 0.00064 0.01135 0.00013 1
20120905 A549 24h Glucosa_C1C2 1_03.CDF 0.78052 0.01609 0.19463 0.00875 1
20120905 A549 24h Glucosa_C1C2 1_03.CDF 0.78135 0.01589 0.19408 0.00867 1
20120905 A549 24h Glucosa_C1C2 1_03.CDF 0.78022 0.01639 0.19522 0.00818 1
20120905 A549 24h Glucosa_C1C2 1_03.CDF 0.7829 0.01595 0.19438 0.00677 1
20120905 A549 24h Glucosa_C1C2 1_03.CDF 0.78302 0.01581 0.19479 0.00638 1
20120905 A549 24h Glucosa_C1C2 1_03.CDF 0.78129 0.0161 0.19436 0.00825 1
20120905 A549 24h Glucosa_C1C2 1_03.CDF 0.78028 0.01623 0.19416 0.00933 1
20120905 A549 24h Glucosa_C1C2 1_03.CDF 0.78009 0.0162 0.19475 0.00896 1
20120905 A549 24h Glucosa_C1C2 1_03.CDF 0.78076 0.01608 0.19464 0.00852 1
20120905 A549 24h Glucosa_C1C2 1_03.CDF 0.98429 0.00279 0.01276 0.00016 1
20120905 A549 24h Glucosa_C1C2 1_03.CDF 0.98762 0.00301 0.00927 0.00011 1
20120905 A549 24h Glucosa_C1C2 1_03.CDF 0.75186 0.02578 0.21354 0.00882 1
20120905 A549 24h Glucosa_C1C2 1_03.CDF 0.75206 0.02565 0.2137 0.00858 1
20120905 A549 24h Glucosa_C1C2 1_03.CDF 0.75174 0.02591 0.2134 0.00895 1
20120905 A549 24h Glucosa_C1C2 1_03.CDF 0.75241 0.0256 0.21377 0.00822 1
20120905 A549 24h Glucosa_C1C2 1_03.CDF 0.75035 0.02643 0.21403 0.0092 1
20120905 A549 24h Glucosa_C1C2 1_03.CDF 0.75071 0.02613 0.21382 0.00933 1


*Correction:  -0.18666 -0.00531 0.16635 0.02312


---- Malate  ---
*** MID for each injection, corrected only for natural 13C, 29,30Si, 33,34S ***
A549_GlutaminaC1_1_01.CDF 0.27816 0.69856 0.00723 0.00399 0.01206 1
A549_GlutaminaC1_1_01.CDF 0.27889 0.69857 0.00719 0.00395 0.01141 1
A549_GlutaminaC1_1_01.CDF 0.28082 0.69254 0.00992 0.00473 0.01199 1
A549_GlutaminaC1_1_01.CDF 0.27717 0.70238 0.00583 0.00307 0.01156 1
A549_GlutaminaC1_1_01.CDF 0.27918 0.69783 0.00745 0.00402 0.01152 1
A549_GlutaminaC1_1_01.CDF 0.28106 0.69238 0.01083 0.00459 0.01115 1
A549_GlutaminaC1_1_01.CDF 0.27887 0.69832 0.00695 0.00363 0.01223 1
A549_GlutaminaC1_1_01.CDF 0.27821 0.6982 0.0079 0.00285 0.01284 1
A549_GlutaminaC1_1_01.CDF 0.28107 0.69418 0.00919 0.00446 0.01109 1
A549_GlutaminaC1_1_01.CDF 0.9787 -0.00768 0.01034 0.01939 -0.00074 1
A549_GlutaminaC1_1_01.CDF 0.24044 0.73247 0.01088 0.00478 0.01142 1
A549_GlutaminaC1_1_01.CDF 0.24202 0.7318 0.00959 0.00539 0.0112 1
A549_GlutaminaC1_1_01.CDF 0.22973 0.74304 0.01066 0.00542 0.01115 1
A549_GlutaminaC1_1_01.CDF 0.2301 0.74285 0.01027 0.00533 0.01145 1
A549_GlutaminaC1_1_01.CDF 0.23568 0.7355 0.01105 0.00526 0.01251 1
A549_GlutaminaC1_1_01.CDF 0.23561 0.73574 0.01086 0.00584 0.01195 1
A549_GlutaminaC1_1_01.CDF 0.2954 0.68362 0.00626 0.00409 0.01063 1
A549_GlutaminaC1_1_01.CDF 0.29634 0.68122 0.00651 0.00435 0.01158 1
