"20120719 A549 24h Glucosa C1C2 1_01.","0.630206107787746","0.215441841330426","0.0879313639133238","0.0452554587095419","0.0178918213744376","0.00261003218770298","0.000663374696821669"
"20120719 A549 24h Glucosa C1C2 1_02.","0.630151651023567","0.216340572607307","0.0879044882168821","0.0444404053218925","0.0179590951310448","0.0025522689375649","0.000651518761741584"
"20120719 A549 24h Glucosa C1C2 1_03.","0.630662907818147","0.216051967332732","0.0878098699071473","0.0442789655895672","0.0179917017302498","0.00256832767908875","0.000636259943067522"
"20120719 A549 24h Glucosa C1C2 2_01.","0.628747152940699","0.217081804373658","0.0885073255478018","0.0443928871435518","0.0181011712935115","0.00251178831959502","0.000657870381182418"
"20120719 A549 24h Glucosa C1C2 2_02.","0.629035617774554","0.217102187539667","0.0886012960886653","0.0440533123025896","0.0180620539842067","0.00250942305954448","0.000636109250773058"
"20120719 A549 24h Glucosa C1C2 2_03.","0.628842501247012","0.21729580298256","0.0884680719202108","0.0441888575561286","0.0180603795365713","0.00251584673428791","0.000628540023228909"
"20120719 A549 24h Glucosa C1C2 3_01.","0.626934029557291","0.218113691314244","0.089147572748255","0.0443552530837414","0.0182083749991873","0.00258216676957003","0.000658911527711586"
"20120719 A549 24h Glucosa C1C2 3_02.","0.626757662327164","0.217962633763208","0.0893683113640936","0.0444529847820463","0.0182862058779309","0.00252277990868703","0.000649421976869551"
"20120719 A549 24h Glucosa C1C2 3_03.","0.626828480379105","0.218382607845693","0.0891493947840153","0.044236630437159","0.0182207736024368","0.00255767713007211","0.000624435821518172"
"20120903 Cold ribosa_01.","0.863711738417653","0.107496391227823","0.0237202423184854","0.00231022577900599","0.00240798049118403","0.000300784903868823","5.26368619795448e-05"
"20120903 NCIH460 24h Glucosa  C1C2 1_02.","0.588395731569736","0.212706611719469","0.120827363156566","0.0446437432096674","0.0292313164591858","0.00343453561676079","0.000760698268615164"
"20120903 NCIH460 24h Glucosa  C1C2 1_03.","0.588594890893879","0.212752128053502","0.121148455695453","0.0442992919875304","0.0290631112786756","0.00337470011135991","0.000767421979600548"
"20120903 NCIH460 24h Glucosa  C1C2 1_04.","0.589370674986236","0.213141637859654","0.121570502616732","0.0430675463987751","0.0287748577072767","0.00331317655470156","0.000761603876624769"
"20120903 NCIH460 24h Glucosa  C1C2 2_01.","0.599355372656498","0.210588802660371","0.117713585736285","0.0418364719985921","0.0266404683321319","0.00312961355316713","0.000735685062954797"
"20120903 NCIH460 24h Glucosa  C1C2 2_02.","0.596490430226731","0.21000293073995","0.117247888523312","0.0440952204900793","0.0281024492464247","0.00331852870473425","0.000742552068768062"
"20120903 NCIH460 24h Glucosa  C1C2 2_03.","0.596996193149891","0.210060923512596","0.116905703857164","0.0440597853744642","0.0279119278270449","0.00332258467681124","0.000742881602029157"
"20120903 NCIH460 24h Glucosa C1C2 3_01.","0.598430786764052","0.210758452023739","0.117268541200101","0.0423202963405711","0.027336368629355","0.00314772214250439","0.000737832899676526"
"20120903 NCIH460 24h Glucosa C1C2 3_02.","0.598634926559166","0.210548748931226","0.117281887236107","0.0422177066546515","0.0274161538310443","0.00320299589048629","0.000697580897318843"
"20120903 NCIH460 24h Glucosa C1C2 3_03.","0.598606325190371","0.210739930233959","0.117218836810629","0.0423783573315782","0.0271121915384132","0.00321445122833332","0.000729907666716025"
"Rib_BEAS2B_24h_COLD_1_02.","0.861484670455712","0.108618874351071","0.0249089996717302","0.00234300207165142","0.00226372294223058","0.000277908424506673","0.000102822083098548"
"Rib_BEAS2B_24h_GlucosaC1C2_1_01.","0.611164578763212","0.232249060905514","0.0912942811476265","0.0432746615581696","0.0191304160368447","0.0023802914877934","0.000506710100839961"
"Rib_BEAS2B_24h_GlucosaC1C2_1_02.","0.610597007517616","0.232028640421642","0.0914422602216321","0.044114787533375","0.0189183468951727","0.00240457169667632","0.000494385713885629"
"Rib_BEAS2B_24h_GlucosaC1C2_2_01.","0.615338594698651","0.232415034783331","0.0903197289177403","0.0412335336842541","0.0180003145484478","0.0021829945643967","0.000509798803178986"
"Rib_BEAS2B_24h_GlucosaC1C2_2_02.","0.614243271540536","0.230214192635105","0.090066179553406","0.043959039447465","0.0186612161031395","0.00232334883043006","0.000532751889918385"
"Rib_BEAS2B_24h_GlucosaC1C2_3_01.","0.614698797919702","0.230149157806271","0.0897231341267299","0.0440547772873253","0.0184708052643939","0.00235425767196828","0.000549069923609664"
"Rib_BEAS2B_24h_GlucosaC1C2_3_02.","0.614298788527387","0.230786676883498","0.0891371315677479","0.0439547844550697","0.0188583809804655","0.00242767574954577","0.000536561836286391"
"Ribosa Cold comercial_02.","0.862299090999085","0.106769160609751","0.0253524056839925","0.00259876466903774","0.00254861034839828","0.00034620007200587","8.57676177295832e-05"
