"20120713 A549 0H Glucosa C1C2 1_S200 G3_001.","0.468227795514668","0.0733946813257968","0.390679566554362","0.0515593092404661","0.0139000616279467","0.0017541396312689","0.000484446105490921"
"20120713 A549 0H Glucosa C1C2 1_S200 G3_02.","0.469043489636405","0.0734190318434601","0.39058193405093","0.0513761628489493","0.0135852939617856","0.00156631234550732","0.000427775312962867"
"20120713 A549 0H Glucosa C1C2 1_S200 G3_03.","0.467915026337107","0.0738046685668629","0.390414566525799","0.0517470663236538","0.013954809548717","0.00173220161015431","0.000431661087705509"
"20120713 A549 0H Glucosa C1C2 2_S200 G3_02.","0.46612172841997","0.0729821665956593","0.39174993316763","0.0518578545199259","0.0151261091719297","0.00173872267311978","0.000423485451765406"
"20120713 A549 0H Glucosa C1C2 2_S200 G3_03.","0.465148005194238","0.0730610532665421","0.39250560194233","0.0520633464527954","0.0150779862276785","0.00172257935701914","0.000421427559397063"
"20120713 A549 0H Glucosa C1C2 2_S50 G3_01.","0.466065108958187","0.073019296799548","0.39185878209079","0.051885227119722","0.0149998438462092","0.0017425629443233","0.000429178241220453"
"20120713 A549 24H Glucosa C1C2 1_S100 G3_01.","0.4749927407111","0.0742575593505853","0.383908208408123","0.0508364102909968","0.0136484955558805","0.00184139578832905","0.000515189894984712"
"20120713 A549 24H Glucosa C1C2 1_S100 G3_02.","0.475648624191526","0.074551395831147","0.383514265730567","0.0510957841174847","0.0130299150176023","0.00170536327913145","0.000454651832541964"
"20120713 A549 24H Glucosa C1C2 1_S100 G3_03.","0.473478448133428","0.0745313944066159","0.384122583013701","0.0506166360233553","0.0148862240119216","0.0018613598987283","0.000503354512249171"
"20120713 A549 24H Glucosa C1C2 2_S100 G3_01.","0.474565284078599","0.0744055926918605","0.385036871386882","0.0507653817210734","0.0132515518638235","0.0015926310515539","0.000382687206207002"
"20120713 A549 24H Glucosa C1C2 2_S100 G3_02.","0.474549967691192","0.074088466568957","0.385233262870074","0.0507806139630113","0.0133925961032233","0.00156916164752256","0.000385931156019917"
"20120713 A549 24H Glucosa C1C2 2_S100 G3_03.","0.473573103585029","0.0740425249814547","0.38459000020109","0.0508062392632927","0.0148806485679107","0.00169507798458931","0.00041240541663356"
"20120713 A549 24H Glucosa C1C2 3_S100 G3_01.","0.47537884116035","0.074626329299003","0.383281712447275","0.0507727519836312","0.0137956664748501","0.00169774465729441","0.000446953977596581"
"20120713 A549 24H Glucosa C1C2 3_S100 G3_02.","0.473831511767659","0.0746108375683911","0.383524368017805","0.0508955122128051","0.0149187234551125","0.00177242480976533","0.000446622168462131"
"20120713 A549 24H Glucosa C1C2 3_S100 G3_03.","0.474353156568552","0.0745405291677438","0.383267838304214","0.050820379725437","0.0148535822252428","0.00172281237925174","0.000441701629558782"
"20120713 A549 Cold_S100 G3_001.","0.832200510637662","0.130200705591093","0.0321534796776383","0.00419565671529312","0.00088337981481408","0.000239876113272587","0.00012639145022669"
"20120720 NCI 0h Glucosa C1C2 1_02.","0.452057686401528","0.072180683854334","0.405059084712275","0.0552171035050679","0.0135620698539518","0.00153750516651694","0.00038586650632669"
"20120720 NCI 0h Glucosa C1C2 1_03.","0.452061811411303","0.0722184503869108","0.405298528574618","0.0552805498539332","0.0132588879206706","0.00150709796503032","0.000374673887534209"
"20120720 NCI 0h Glucosa C1C2 1_04.","0.451798630862063","0.0721187745119661","0.404669528618951","0.0551141300521236","0.0142358319113784","0.00164679754168911","0.000416306501828682"
"20120720 NCI 0h Glucosa C1C2 2_02.","0.452178579734981","0.0720935137257978","0.405217845789207","0.0549781839782336","0.0135170808408534","0.00161077235840238","0.00040402357252474"
"20120720 NCI 0h Glucosa C1C2 2_03.","0.452206258362818","0.0720454488333176","0.404534967331585","0.0550024780313325","0.0140444007382151","0.00172905452761553","0.000437392175116713"
"20120720 NCI 0h Glucosa C1C2 2_04.","0.452023646450536","0.0720806585496276","0.404921008619255","0.0550919788920687","0.0138934661505255","0.00159299392554104","0.000396247412445496"
"20120720 NCI 24h Glucosa C1C2 1_01.","0.472497466595171","0.0742088410963417","0.385169153472903","0.0516844629890779","0.0142469042463028","0.00173966813684647","0.000453503463357806"
"20120720 NCI 24h Glucosa C1C2 1_02.","0.47209599501399","0.0745333349854789","0.384897758528353","0.0521996233160702","0.0138568585291476","0.00187949045543374","0.000536939171526261"
"20120720 NCI 24h Glucosa C1C2 1_03.","0.472377560451673","0.0744881700305567","0.385147791038635","0.051932759171274","0.0137467816182984","0.00181171705981186","0.000495220629751233"
"20120720 NCI 24h Glucosa C1C2 2_01.","0.467850068240197","0.0731701849822784","0.39120865252477","0.0523697510443345","0.0134545707348715","0.00154849814460839","0.000398274328940523"
"20120720 NCI 24h Glucosa C1C2 2_02.","0.467065476247079","0.0736880427903175","0.389953493625555","0.0526012563612912","0.0143894855186753","0.00181292962398563","0.000489315833095934"
"20120720 NCI 24h Glucosa C1C2 2_03.","0.467135129502725","0.0736804916841585","0.390207618899461","0.0524444110165853","0.0142054855634099","0.00183184143270211","0.000495021900958684"
"20120720 NCI 24h Glucosa C1C2 3_01.","0.475858603111116","0.0747100984027641","0.382155744081203","0.0513465232998376","0.0137390643152215","0.00174548635914079","0.000444480430717074"
"20120720 NCI 24h Glucosa C1C2 3_02.","0.475396351403596","0.0749703095222235","0.381613647029259","0.0515778354706737","0.0141533551445261","0.00181775675307863","0.000470744676643075"
"20120720 NCI 24h Glucosa C1C2 3_03.","0.475366061810289","0.0749426445020226","0.381659920200282","0.0515935748712059","0.014122829826836","0.00181808682790431","0.000496881961460432"
"20120720 NCI Cold 1_02.","0.830759330195237","0.13189492239399","0.0323143179313078","0.0039743672047187","0.000833017252888219","0.00016225862094669","6.17864009118917e-05"
"Glc_BEAS2B_0h_GlucosaC1C2_1_02.","0.417817488383568","0.0664153296801355","0.437950829311448","0.0598336519916791","0.0157738322997411","0.00182570502041786","0.000383163313009856"
"Glc_BEAS2B_0h_GlucosaC1C2_1_03.","0.417536030043856","0.0666960580037137","0.437548964036175","0.0599580501229271","0.0159633307382078","0.00187848143598488","0.000419085619136245"
"Glc_BEAS2B_0h_GlucosaC1C2_1_04.","0.417716230215213","0.0666982873454392","0.437313594103963","0.0599536431456707","0.015990851526955","0.00187038083474518","0.000457012828014615"
"Glc_BEAS2B_0h_GlucosaC1C2_2_03.","0.417497220494914","0.0663422057296374","0.437789644601523","0.0595893880377092","0.0165649340486574","0.00182984623651673","0.000386760851041946"
"Glc_BEAS2B_0h_GlucosaC1C2_2_04.","0.418087778636538","0.0664709108251801","0.438207257781","0.0595750690573881","0.0155797099780044","0.00171268398712022","0.000366589734769082"
"Glc_BEAS2B_0h_GlucosaC1C2_3_02.","0.415880246631619","0.066169335866952","0.439167879822354","0.0600082453239734","0.0164988901114027","0.00187384982133824","0.000401552422361234"
"Glc_BEAS2B_0h_GlucosaC1C2_3_03.","0.416512655366951","0.0664850470458163","0.438994525062973","0.0599985320896621","0.0158330823246602","0.00178861508508936","0.000387543024848477"
"Glc_BEAS2B_0h_GlucosaC1C2_3_04.","0.416278610456778","0.06621510238898","0.438575012068081","0.0597909653624446","0.016793095515023","0.00193546573193563","0.000411748476758771"
"Glc_BEAS2B_24h_COLD_03.","0.830101380459164","0.131774383416378","0.0330569396428193","0.00411981517432171","0.000774099930041941","0.000141496858927978","3.18845183475436e-05"
"Glc_BEAS2B_24h_GlucosaC1C2_1_01.","0.415805717528138","0.0664656681158826","0.439368084583437","0.0600129539514977","0.0161284916661488","0.00183023243949307","0.000388851715403135"
"Glc_BEAS2B_24h_GlucosaC1C2_1_02.","0.415584214978663","0.0662668123900738","0.439018191380408","0.0600039514839459","0.0167670212647688","0.00194440501974634","0.000415403482393827"
"Glc_BEAS2B_24h_GlucosaC1C2_1_03.","0.416587466249187","0.0664249647424925","0.438628377688114","0.060075243765547","0.0159876832355066","0.00187942466610831","0.000416839653045195"
"Glc_BEAS2B_24h_GlucosaC1C2_2_01.","0.415836635239141","0.0665067933510037","0.439237047939618","0.0601354543330139","0.0160175591794405","0.00188923155729397","0.000377278400488419"
"Glc_BEAS2B_24h_GlucosaC1C2_2_02.","0.415907129945097","0.0664526044860262","0.439339293722188","0.0602159346813883","0.015826341977251","0.00187075742054892","0.000387937767500755"
"Glc_BEAS2B_24h_GlucosaC1C2_2_03.","0.41691957016843","0.0667049052335396","0.437857972378405","0.0601792908269581","0.0159627348327588","0.00193898707837008","0.000436539481539226"
"Glc_BEAS2B_24h_GlucosaC1C2_3_03.","0.417648838254941","0.0664929986701661","0.438307559496096","0.0598099411507203","0.0156270590724496","0.00173905293198081","0.000374550423646334"
"Glc_BEAS2B_24h_GlucosaC1C2_3_04.","0.417099507492374","0.0664611485039986","0.437762822130514","0.0598370331056623","0.0166170058447161","0.0018304027926621","0.000392080130072954"
