"A549_GlutaminaC1_1_01.","0.332525236886017","0.390732177192131","0.173918725147401","0.0682649363314921","0.0261870929932209","0.00655454460950156","0.0013746234982553","0.000442663341980053"
"A549_GlutaminaC1_1_02.","0.331394099017234","0.390018843137699","0.173905901860798","0.069635860592808","0.0266565065804102","0.00659650492107113","0.00136347493774178","0.000428808952237507"
"A549_GlutaminaC1_1_03.","0.331481473187129","0.390716442580533","0.17336780479732","0.0689820876734271","0.0269191569761149","0.00664805014723121","0.00129737748245023","0.000587607155795184"
"A549_GlutaminaC1_2_01.","0.312596696919379","0.401270327300653","0.177846178243938","0.0719186590384889","0.0276505133233674","0.00679638917856917","0.00143911071087952","0.000482125284725201"
"A549_GlutaminaC1_2_02.","0.313036226795976","0.40109781069478","0.178339854404468","0.0709952515831277","0.0276377623851603","0.00706934373182663","0.00136399634917957","0.000459754055481692"
"A549_GlutaminaC1_2_03.","0.311784664985243","0.401275335040304","0.178170087161133","0.0720994511377544","0.0278396953118212","0.00692954183469783","0.0013755340294888","0.000525690499558521"
"A549_GlutaminaC1_3_01.","0.310347652247271","0.401146901190688","0.179395862514036","0.0717551480583274","0.0279969268074877","0.00724689779497401","0.00150385332681669","0.000606758060398797"
"A549_GlutaminaC1_3_02.","0.309963903260353","0.400322958155057","0.179626795887754","0.0734284538014379","0.0274943759302589","0.0072216614181047","0.00140671391583574","0.0005351376311996"
"A549_GlutaminaC1_3_03.","0.31024330119325","0.400577076890748","0.179691869556304","0.0718977075156282","0.0285681512129367","0.00705223574313162","0.0014122081684337","0.000557449719568056"
"BEAS2B_COLD_1_02.","0.60827862319696","0.227144984468807","0.110024221961689","0.0407576996026333","0.0109349679633855","0.0020205995837119","0.000503972349051114","0.000334930873762748"
"BEAS2B_GlutaminaC1_1_01.","0.143737975542268","0.493459874172963","0.215567863028833","0.0968115428199048","0.0376907691169681","0.0101404527934216","0.00192047297655236","0.000671049549088988"
"BEAS2B_GlutaminaC1_1_02.","0.143664885220656","0.494510749023699","0.214687071950773","0.0968491503613213","0.0373553052631187","0.0103061472039893","0.00204915908056727","0.000577531895875261"
"BEAS2B_GlutaminaC1_2_01.","0.139363919988718","0.503723766951262","0.21047578083918","0.0967541459200665","0.0368325052135289","0.0101046112811012","0.00196437047837243","0.000780899327770875"
"BEAS2B_GlutaminaC1_2_02.","0.138759592471062","0.503608432781258","0.2108005220819","0.0973843012989453","0.0366636746329565","0.0100554965796606","0.00199157645856098","0.000736403695657124"
"BEAS2B_GlutaminaC1_3_01.","0.142379986022595","0.496755620288636","0.213574033753377","0.0977369763760824","0.0366701513661259","0.0102995024922229","0.00192836562084887","0.000655364080111537"
"BEAS2B_GlutaminaC1_3_02.","0.139722958996775","0.499569133269241","0.21387108193981","0.0974609476841726","0.0369292466478908","0.00966743676272423","0.00211719781083319","0.000661996888553239"
"NCIH460_GlutaminaC1_1_01.","0.288540437521781","0.419087261658749","0.180354261458084","0.0745176122417204","0.0285793469526954","0.0071520005808027","0.00136115577686153","0.000407923809305707"
"NCIH460_GlutaminaC1_1_02.","0.289429991629863","0.41860076849801","0.180037388777022","0.0742991021784327","0.0284580756262238","0.00730972747701298","0.00140989393549151","0.000455051877944262"
"NCIH460_GlutaminaC1_1_03.","0.287766758777084","0.418740465645398","0.180754477870215","0.0744274040775274","0.0290151148076693","0.00733356111728483","0.00139728211936333","0.000564935585458788"
"NCIH460_GlutaminaC1_2_01.","0.291822381764875","0.417178307989662","0.179904496888888","0.0741279523073826","0.0281600461399388","0.00701198834871265","0.00136320139101307","0.000431625169526966"
"NCIH460_GlutaminaC1_2_02.","0.290701840930377","0.4173799213024","0.179778859443109","0.0744334388757705","0.0286907840905913","0.00717448231893544","0.0013633366555121","0.000477336383304662"
"NCIH460_GlutaminaC1_2_03.","0.289472179800114","0.417133715034376","0.181018381597555","0.0745311663940398","0.0287759190245161","0.00712612657164807","0.00136764067514007","0.000574870902610489"
"NCIH460_GlutaminaC1_3_01.","0.304930954311483","0.410864693248581","0.176425557555982","0.0719935261630263","0.0272188970118973","0.00687947135683897","0.00128148412350847","0.000405416228682594"
"NCIH460_GlutaminaC1_3_02.","0.304653321017783","0.410706516561605","0.176679699837371","0.0722211309272721","0.0271434538763177","0.00678736900055906","0.00134836588821848","0.000460142890874116"
"NCIH460_GlutaminaC1_3_03.","0.303220795964007","0.411450641713017","0.17648327590746","0.0723559170416596","0.0276994274913505","0.00695634368047008","0.0013103525629975","0.000523245639038691"
