"20121108 A549 24h Glucosa_C1C2 1_01.","0.811998225014056","0.151233558242092","0.0271034415818927","0.00436908071122751","0.00529569445073194"
"20121108 A549 24h Glucosa_C1C2 1_02.","0.812829916711801","0.151067155620173","0.0265314555919315","0.0042815231802246","0.00528994889586907"
"20121108 A549 24h Glucosa_C1C2 1_03.","0.812827626500375","0.151231855577126","0.0264438954870741","0.00428833124845994","0.00520829118696497"
"20121108 A549 24h Glucosa_C1C2 2_01.","0.812944921943981","0.150729598899266","0.0266831468416551","0.00434290392860904","0.00529942838648881"
"20121108 A549 24h Glucosa_C1C2 2_02.","0.813291718553007","0.150925578209973","0.0262646184072114","0.00426399723129978","0.00525408759850896"
"20121108 A549 24h Glucosa_C1C2 2_03.","0.812515737338908","0.151188890289288","0.0267491293201944","0.00430347328216171","0.00524276976944801"
"20121108 A549 24h Glucosa_C1C2 3_01.","0.812400698727105","0.150799283731884","0.0271476640540802","0.00431535146824602","0.00533700201868469"
"20121108 A549 24h Glucosa_C1C2 3_02.","0.812765888532298","0.15117785442169","0.0266224743001606","0.00422238378209589","0.00521139896375602"
"20121108 A549 24h Glucosa_C1C2 3_03.","0.812151534080458","0.1514075885561","0.0269089882289556","0.00428513367384466","0.00524675546064228"
"20121108 A549 24h Glutamina_C3 1_01.","0.210504757799732","0.697724395288781","0.0741513373098637","0.014278894314989","0.00334061528663448"
"20121108 A549 24h Glutamina_C3 1_02.","0.210365844199279","0.697662767161036","0.0743867041755845","0.0143106246233486","0.00327405984075104"
"20121108 A549 24h Glutamina_C3 1_03.","0.210234585680224","0.697791795861071","0.074375359908704","0.01431748474254","0.00328077380746145"
"20121108 A549 24h Glutamina_C3 2_01.","0.205301761450577","0.702305626936011","0.0745455452621309","0.0145775452812285","0.00326952107005303"
"20121108 A549 24h Glutamina_C3 2_02.","0.205211196972091","0.702404353384378","0.0747157654968451","0.0144277545795875","0.00324092956709877"
"20121108 A549 24h Glutamina_C3 2_03.","0.205170588149292","0.702326998915423","0.0747976780616132","0.0144506446336381","0.00325409024003354"
"20121108 A549 24h Glutamina_C3 3_01.","0.200235424356821","0.706829443982644","0.0751537827535214","0.0144931109342736","0.00328823797273998"
"20121108 A549 24h Glutamina_C3 3_02.","0.200432345679939","0.706303931131113","0.0754204424156616","0.0146048885009766","0.0032383922723099"
"20121108 A549 24h Glutamina_C3 3_03.","0.19991615053126","0.707032004471906","0.0752322169435676","0.0145144514674011","0.00330517658586549"
"20121108 A549 Cold 1_02.","0.844730755178456","0.127847368740643","0.0194891275096931","0.00289660138397611","0.00503614718723215"
"20121108 NCIH460 24h Glucosa_C1C2 1_01.","0.796517253687213","0.161550048161499","0.0311253702190401","0.00554838752693516","0.00525894040531213"
"20121108 NCIH460 24h Glucosa_C1C2 1_02.","0.796429508947566","0.161625462499137","0.0310507958626563","0.00559429045065897","0.00529994223998119"
"20121108 NCIH460 24h Glucosa_C1C2 1_03.","0.796430315005301","0.161713430709139","0.0310487852174417","0.00551742825074017","0.00529004081737831"
"20121108 NCIH460 24h Glucosa_C1C2 2_01.","0.799388210039098","0.159181690702451","0.0307174753459287","0.00538178781606896","0.00533083609645404"
"20121108 NCIH460 24h Glucosa_C1C2 2_02.","0.799751676425693","0.159064347063597","0.0306143671556035","0.0052902986896861","0.00527931066542059"
"20121108 NCIH460 24h Glucosa_C1C2 2_03.","0.799935702940447","0.159213554144488","0.0301716202328446","0.00532630111119471","0.00535282157102556"
"20121108 NCIH460 24h Glucosa_C1C2 3_01.","0.796598329759548","0.161007628993918","0.031496302673015","0.00554474435139229","0.00535299422212654"
"20121108 NCIH460 24h Glucosa_C1C2 3_02.","0.796735873084731","0.1612972747898","0.0311933780674716","0.0055282459645236","0.00524522809347406"
"20121108 NCIH460 24h Glucosa_C1C2 3_03.","0.797106111007268","0.161234049739184","0.030885669756029","0.00547692352390441","0.00529724597361436"
"20121108 NCIH460 24h Glutamina_C3 1_01.","0.227384139642095","0.684242951168932","0.071125206600426","0.013933356005381","0.00331434658316634"
"20121108 NCIH460 24h Glutamina_C3 1_02.","0.227380893013911","0.684476441553596","0.0711570772942427","0.0137188690128433","0.00326671912540715"
"20121108 NCIH460 24h Glutamina_C3 1_03.","0.227215394448219","0.684323732636693","0.0712962140831641","0.0139099952336863","0.00325466359823786"
"20121108 NCIH460 24h Glutamina_C3 2_01.","0.20676124740156","0.703408450908082","0.0725045853563754","0.0140689193283656","0.00325679700561645"
"20121108 NCIH460 24h Glutamina_C3 2_02.","0.20647553868499","0.703909562678729","0.0722440744683088","0.0141851638540989","0.00318566031387265"
"20121108 NCIH460 24h Glutamina_C3 2_03.","0.206723644442712","0.703553471085047","0.0724076303614573","0.0140320136567776","0.00328324045400568"
"20121108 NCIH460 24h Glutamina_C3 3_01.","0.232439036404734","0.67943379305479","0.0710290552628814","0.0137209104198678","0.00337720485772758"
"20121108 NCIH460 24h Glutamina_C3 3_02.","0.232905498640019","0.679168600233377","0.0708251046563095","0.013799988772085","0.00330080769820904"
"20121108 NCIH460 24h Glutamina_C3 3_03.","0.233124102525885","0.679253730622106","0.0706498556962078","0.013687613568064","0.00328469758773762"
"20121108 NCIH460 Cold 1_01.","0.841563548746297","0.129040714063235","0.0208941392794386","0.00316345730942918","0.00533814060160049"
"Glu_BEAS2B_24h_COLD_1_02.","0.826991815118827","0.137632638973836","0.0241906474634596","0.00613199683654754","0.00505290160732963"
"Glu_BEAS2B_24h_GlucosaC1C2_1_01.","0.818599401031861","0.141451468098886","0.0273889394837279","0.00690699451776561","0.00565319686776014"
"Glu_BEAS2B_24h_GlucosaC1C2_1_02.","0.823764309587237","0.140645518600903","0.0246721769634319","0.00570745508242066","0.00521053976600741"
"Glu_BEAS2B_24h_GlucosaC1C2_2_01.","0.819477552632097","0.141068970016571","0.0270424122757377","0.00680146941172804","0.00560959566386683"
"Glu_BEAS2B_24h_GlucosaC1C2_2_02.","0.819770821094888","0.140813795804543","0.0270330693843639","0.00677058158238043","0.00561173213382543"
"Glu_BEAS2B_24h_GlucosaC1C2_3_01.","0.81914653104907","0.141306483561881","0.0270562995092446","0.00692198908048954","0.00556869679931504"
"Glu_BEAS2B_24h_GlucosaC1C2_3_02.","0.81987619694729","0.140675127386066","0.0270698180314918","0.00675101140408927","0.00562784623106337"
"Glu_BEAS2B_24h_GlutaminaC1_1_01.","0.00168503499519245","0.886131570236291","0.0896121487192504","0.0199229992654861","0.00264824678378006"
"Glu_BEAS2B_24h_GlutaminaC1_1_02.","0.00229115200660851","0.885534401637608","0.089512549440508","0.0200014020820939","0.00266049483318181"
"Glu_BEAS2B_24h_GlutaminaC1_2_01.","0.00310195060370141","0.883731773864151","0.089867898886291","0.0206184155649064","0.00267996108095064"
"Glu_BEAS2B_24h_GlutaminaC1_2_02.","0.00397568500766189","0.881366342646244","0.0895645055434671","0.0222377463752115","0.00285572042741591"
"Glu_BEAS2B_24h_GlutaminaC1_3_01.","0.00270643003491258","0.884435313924239","0.0898978496907749","0.0203123877322361","0.00264801861783699"
"Glu_BEAS2B_24h_GlutaminaC1_3_02.","0.00395855559468575","0.881634354909345","0.0894136322397504","0.0220689416872976","0.00292451556892091"
