"20121108 A549 24h Glucosa_C1C2 1_01.","0.880492626569506","0.0724014543942322","0.0407029378269797","0.00369480231131448","0.00244552436895184","0.00026265452901543"
"20121108 A549 24h Glucosa_C1C2 1_02.","0.87725965690615","0.0720084855894388","0.0437400543315066","0.00402564774845966","0.00267148849153319","0.000294666932911643"
"20121108 A549 24h Glucosa_C1C2 1_03.","0.877528941154724","0.0718801645909182","0.0436315837867099","0.00399791030268715","0.00266460204636289","0.000296798118597722"
"20121108 A549 24h Glucosa_C1C2 2_01.","0.876734770452038","0.0717353907430845","0.0445276521831354","0.00394442850986897","0.00270482203368145","0.000352936078191304"
"20121108 A549 24h Glucosa_C1C2 2_02.","0.881768375913981","0.0721103794339617","0.0398722219437576","0.00354653418455881","0.0024158882144373","0.000286600309303221"
"20121108 A549 24h Glucosa_C1C2 2_03.","0.877536733950227","0.0723366471205367","0.0432332349355053","0.00392151627357454","0.00264958132449499","0.000322286395661435"
"20121108 A549 24h Glucosa_C1C2 3_01.","0.876946061825863","0.0715409200057096","0.0444259793691362","0.0040631030931749","0.00274023456194907","0.000283701144166665"
"20121108 A549 24h Glucosa_C1C2 3_02.","0.876896454944506","0.0722608739590608","0.0438260068190981","0.0040225942285165","0.00270305718061476","0.000291012868204312"
"20121108 A549 24h Glucosa_C1C2 3_03.","0.877685188372658","0.0716595120400376","0.0437304225336025","0.00397047208042518","0.0026704990860907","0.000283905887186041"
"20121108 A549 24h Glutamina_C3 1_01.","0.215609367628082","0.719812391109298","0.0524505846144107","0.00932512335223764","0.00106341226085215","0.00173912103511917"
"20121108 A549 24h Glutamina_C3 1_02.","0.215499409118487","0.719739726161483","0.052784536776548","0.00924536061796929","0.001055101756579","0.00167586556893408"
"20121108 A549 24h Glutamina_C3 1_03.","0.214761651624343","0.7187013372241","0.0545969821191849","0.00926903338547895","0.0010131969782408","0.00165779866865235"
"20121108 A549 24h Glutamina_C3 2_01.","0.209899256715719","0.727939574089327","0.0499971298797062","0.00935377055110032","0.00104124056036099","0.00176902820378668"
"20121108 A549 24h Glutamina_C3 2_02.","0.208735376507516","0.725291615862386","0.0538748007564046","0.00934497327220675","0.00102509754679169","0.00172813605469436"
"20121108 A549 24h Glutamina_C3 2_03.","0.208846779352592","0.723772705816275","0.0553857813366031","0.00923667298364386","0.00102280127675274","0.00173525923413338"
"20121108 A549 24h Glutamina_C3 3_01.","0.20401924897597","0.729271183692975","0.0545686649320896","0.00937218833873522","0.00102219464275393","0.00174651941747542"
"20121108 A549 24h Glutamina_C3 3_02.","0.204002186282476","0.729499783740143","0.0543480729142314","0.00934931294571114","0.00103147984931279","0.00176916426812573"
"20121108 A549 24h Glutamina_C3 3_03.","0.204210289521225","0.728463981182143","0.0551287864738725","0.00944957849980732","0.0010159057296496","0.00173145859330265"
"20121108 A549 Cold 1_02.","0.918388407813905","0.0674334072570081","0.0112362893213396","0.000712836189358688","0.00200704153439609","0.000222017883992198"
"20121108 NCIH460 24h Glucosa_C1C2 1_01.","0.85877054098303","0.0734732966831291","0.0576955070966913","0.0061733841272129","0.00355975965139283","0.000327511458543422"
"20121108 NCIH460 24h Glucosa_C1C2 1_02.","0.858620224417841","0.0739562616722454","0.0573760910260508","0.00615258117638145","0.00357155854638047","0.000323283161100937"
"20121108 NCIH460 24h Glucosa_C1C2 1_03.","0.858985373480844","0.0734663680916113","0.0575323840121808","0.00614141989016714","0.00355866175989718","0.000315792765299955"
"20121108 NCIH460 24h Glucosa_C1C2 2_01.","0.86177810388881","0.0730694798085242","0.0554850697999063","0.00585095879550258","0.00348286827817769","0.000333519429079436"
"20121108 NCIH460 24h Glucosa_C1C2 2_02.","0.861927292700972","0.0734277043242538","0.0550642125818884","0.00575449324630605","0.00350744537693006","0.000318851769649461"
"20121108 NCIH460 24h Glucosa_C1C2 2_03.","0.861775903714058","0.0730983044628832","0.0556079866128385","0.00570248619490125","0.00347379455592205","0.00034152445939698"
"20121108 NCIH460 24h Glucosa_C1C2 3_01.","0.859153939465527","0.0733850825817104","0.0574535672087469","0.00620753591428608","0.00352215256645918","0.000277722263270532"
"20121108 NCIH460 24h Glucosa_C1C2 3_02.","0.858854539565622","0.0737060063108054","0.0574433061292362","0.00617791716041818","0.00349055532922554","0.000327675504693149"
"20121108 NCIH460 24h Glucosa_C1C2 3_03.","0.859012937685237","0.0735986609919638","0.0574609607789171","0.00608813209199769","0.00352276384197554","0.000316544609909298"
"20121108 NCIH460 24h Glutamina_C3 1_01.","0.234063856291915","0.700942001904067","0.0537055100571476","0.00860068122101579","0.00101645060040742","0.001671499925447"
"20121108 NCIH460 24h Glutamina_C3 1_02.","0.233927259716557","0.701854296791074","0.0527281231448587","0.00872497753690224","0.00108770136622252","0.00167764144438485"
"20121108 NCIH460 24h Glutamina_C3 1_03.","0.234651976921846","0.700836003275242","0.0532671287678303","0.00859269902378644","0.000992898008228751","0.00165929400306671"
"20121108 NCIH460 24h Glutamina_C3 2_01.","0.210578421341043","0.723647685873218","0.0542565108898859","0.00888785417249164","0.000954145575086628","0.00167538214827504"
"20121108 NCIH460 24h Glutamina_C3 2_02.","0.21097127804567","0.722061106661677","0.0553634387024889","0.0089993660486239","0.00100373947473726","0.00160107106680316"
"20121108 NCIH460 24h Glutamina_C3 2_03.","0.210395309241278","0.723347617081704","0.0545963381954403","0.00894137073994507","0.00104987494877642","0.00166948979285584"
"20121108 NCIH460 24h Glutamina_C3 3_01.","0.240823235969268","0.694751999011832","0.0530986828734302","0.00863904010947801","0.00103672763725138","0.0016503143987403"
"20121108 NCIH460 24h Glutamina_C3 3_02.","0.241375713286128","0.696037433723775","0.0512688188667965","0.00857902610414485","0.00107106239204477","0.00166794562711047"
"20121108 NCIH460 24h Glutamina_C3 3_03.","0.240848778126448","0.694186233019018","0.0536694480565333","0.00863672150825656","0.00104845858451901","0.0016103607052251"
"20121108 NCIH460 Cold 1_01.","0.915669965514889","0.0689170941606394","0.0121340269469778","0.000756341166181069","0.0022236886529467","0.000298883558365883"
"Glu_BEAS2B_24h_COLD_1_02.","0.913099201569108","0.0728596817426353","0.0115215993441943","0.000609819961404362","0.00190969738265831","0"
"Glu_BEAS2B_24h_GlucosaC1C2_1_01.","0.9057498707791","0.0716205457425868","0.0187809822740425","0.00159397163352639","0.00225462957074478","0"
"Glu_BEAS2B_24h_GlucosaC1C2_1_02.","0.904462400686414","0.0714053616560997","0.0200669783814791","0.00168382980500464","0.00238142947100222","0"
"Glu_BEAS2B_24h_GlucosaC1C2_2_01.","0.90571328696831","0.072511639489135","0.0180992352532495","0.00150463588306945","0.00217120240623601","0"
"Glu_BEAS2B_24h_GlucosaC1C2_2_02.","0.905318431393324","0.0725281127336589","0.0183955927341806","0.00153565787078714","0.00222220526804938","0"
"Glu_BEAS2B_24h_GlucosaC1C2_3_01.","0.905102393596924","0.0733315987527563","0.0179467171122044","0.00144168238818286","0.00217760814993239","0"
"Glu_BEAS2B_24h_GlucosaC1C2_3_02.","0.908934333042197","0.0692516295000411","0.0181082296912657","0.0014856022625248","0.00222020550397089","0"
"Glu_BEAS2B_24h_GlutaminaC1_1_01.","0","0.92028479251518","0.0682921317491236","0.0107880917650875","0.000634983970609225","0"
"Glu_BEAS2B_24h_GlutaminaC1_1_02.","0","0.920269229713924","0.0681773687441265","0.0109200963266037","0.000633305215345538","0"
"Glu_BEAS2B_24h_GlutaminaC1_2_01.","0","0.921033346427414","0.0676688806169507","0.010694251709416","0.000603521246218989","0"
"Glu_BEAS2B_24h_GlutaminaC1_2_02.","0","0.920680759229601","0.0678612854372732","0.0108385416708873","0.000619413662238642","0"
"Glu_BEAS2B_24h_GlutaminaC1_3_01.","0","0.920634565358127","0.0679604871583241","0.0107911816393386","0.000613765844209894","0"
"Glu_BEAS2B_24h_GlutaminaC1_3_02.","0","0.920873847347521","0.0676003901887634","0.0108845875252415","0.000641174938473955","0"
