"20120905 A549 24h Glucosa_C1C2 1_03.","0.708626595628128","0.0942632707354685","0.171333445586597","0.0232680468127849","0.00250864123702113"
"20120905 A549 24h Glucosa_C1C2 1_04.","0.708266875569743","0.0940585898686498","0.17055274071053","0.0243949721138295","0.00272682173724776"
"20120905 A549 24h Glucosa_C1C2 1_05.","0.708774391910271","0.0941315589707236","0.170607694800411","0.0238488142529667","0.00263754006562758"
"20120905 A549 24h Glucosa_C1C2 2_01.","0.706159362799559","0.0936608103291729","0.173682381551819","0.0238786300126296","0.00261881530681968"
"20120905 A549 24h Glucosa_C1C2 2_02.","0.705801246576919","0.0936625915213984","0.173329641638946","0.0244492412969758","0.00275727896576074"
"20120905 A549 24h Glucosa_C1C2 2_03.","0.705546864193279","0.0937543825670109","0.173432687588281","0.0245041843182948","0.00276188133313455"
"20120905 A549 24h Glucosa_C1C2 3_01.","0.707064232895265","0.0938910786791321","0.17299627329777","0.0234931528473799","0.00255526228045289"
"20120905 A549 24h Glucosa_C1C2 3_02.","0.705823087690706","0.0939203063272865","0.173090716664372","0.0244831227833818","0.00268276653425437"
"20120905 A549 24h Glucosa_C1C2 3_03.","0.705654981099304","0.0938546294452708","0.173179718091379","0.0246116816094218","0.00269898975462477"
"20120905 A549 Cold 1_02.","0.884330966924849","0.0989408567905159","0.015406809801251","0.00120962362226462","0.000111742861119367"
"20120905 NCI460 24h Glucosa_C1C2 1_03.","0.696928040111199","0.0920442059043495","0.183587846725353","0.0247662388818622","0.00267366837723547"
"20120905 NCI460 24h Glucosa_C1C2 1_04.","0.697682898791251","0.0919484015888806","0.183067751255039","0.0246462237292742","0.00265472463555536"
"20120905 NCI460 24h Glucosa_C1C2 1_05.","0.696701258700482","0.0922893194477731","0.18416004444846","0.0242444234896642","0.00260495391362089"
"20120905 NCI460 24h Glucosa_C1C2 2_01.","0.699138793899572","0.092165452026286","0.183378364629244","0.022774019589013","0.00254336985588505"
"20120905 NCI460 24h Glucosa_C1C2 2_02.","0.699327567456389","0.0920576433520217","0.183764653121672","0.0224213453883421","0.00242879068157479"
"20120905 NCI460 24h Glucosa_C1C2 2_03.","0.697639448489377","0.0921360241692536","0.183352153342802","0.0242442610902421","0.00262811290832555"
"20120905 NCI460 24h Glucosa_C1C2 3_01.","0.696671002348233","0.0921416430948645","0.183149049295237","0.0253027779593046","0.00273552730236108"
"20120905 NCI460 24h Glucosa_C1C2 3_02.","0.696514237895139","0.0920967131447736","0.183696812459118","0.0249869181087428","0.00270531839222601"
"20120905 NCI460 24h Glucosa_C1C2 3_03.","0.697151388119715","0.0920576899350219","0.18359218829452","0.0245420411123617","0.00265669253838141"
"20120905 NCI460 Cold 1_03.","0.88111550406544","0.100530606494032","0.0168700991734365","0.00135715673664176","0.000126633530450197"
"Lac_BEAS2B_24h_COLD_02.","0.884129377032195","0.101059971605327","0.013705714121821","0.00102052550541702","8.4411735239211e-05"
"Lac_BEAS2B_24h_GlucosaC1C2_1_02.","0.671200240965374","0.0979234463107816","0.201600290051319","0.0264105694298434","0.00286545324268166"
"Lac_BEAS2B_24h_GlucosaC1C2_1_03.","0.67142142044115","0.0978371861925015","0.201747931510665","0.0261862015403618","0.00280726031532186"
"Lac_BEAS2B_24h_GlucosaC1C2_2_02.","0.671094117936683","0.0980283605664287","0.20147968870025","0.0265261564182616","0.0028716763783765"
"Lac_BEAS2B_24h_GlucosaC1C2_2_03.","0.671783756986769","0.0978339813871345","0.201815774575778","0.0258265276924372","0.00273995935788074"
"Lac_BEAS2B_24h_GlucosaC1C2_3_01.","0.669858980028847","0.0983650435767058","0.202093716000228","0.0268233517989155","0.00285890859530333"
"Lac_BEAS2B_24h_GlucosaC1C2_3_02.","0.670143563459913","0.0981259913669388","0.20187061952974","0.0269418680907688","0.00291795755263928"
