"A549_GlutaminaC1_1_01.","0.159192986485639","0.526305219494152","0.191720834420461","0.0840585795366195","0.0313422696081999","0.00738011045492879"
"A549_GlutaminaC1_1_02.","0.16126669057136","0.524804091273204","0.191244598483304","0.0839932773235167","0.0313109892051548","0.00738035314346134"
"A549_GlutaminaC1_1_03.","0.16373351430751","0.522826257704336","0.191262335863471","0.0838735167431989","0.0310080744204636","0.00729630096102035"
"A549_GlutaminaC1_2_01.","0.159143898051382","0.527642924633479","0.192283410960847","0.0842054963172712","0.0297280567582183","0.00699621327880285"
"A549_GlutaminaC1_2_02.","0.160952673880002","0.525836363018345","0.191692608509533","0.0839920660164623","0.0303411738232098","0.00718511475244778"
"A549_GlutaminaC1_2_03.","0.162901935974126","0.522873332198749","0.191358458897411","0.0838302558029696","0.0315882418946318","0.00744777523211263"
"A549_GlutaminaC1_3_01.","0.15821571813695","0.527856803673633","0.192725914137574","0.0846632476784309","0.0295976568399122","0.00694065953350033"
"A549_GlutaminaC1_3_02.","0.158980081902995","0.526431487971464","0.191852001478953","0.084067884330246","0.0312208401068124","0.0074477042095293"
"A549_GlutaminaC1_3_03.","0.161161381045776","0.523767268249871","0.191707055932176","0.0839900941836023","0.0318517591502551","0.00752244143831943"
"BEAS2B_COLD_1_02.","0.623826459840471","0.2226974723489","0.104345876440472","0.0382943651031565","0.00928630302629966","0.0015495232406996"
"BEAS2B_GlutaminaC1_1_01.","0.150402463470744","0.530727885402881","0.193252482598372","0.0858338338371312","0.032026642065381","0.0077566926254904"
"BEAS2B_GlutaminaC1_1_02.","0.152521153840075","0.529996785973056","0.193305645499958","0.0856102905691805","0.0310571527533848","0.00750897136434652"
"BEAS2B_GlutaminaC1_2_01.","0.143332281111452","0.536021052314544","0.194051918320625","0.0867519206023399","0.0319795872578011","0.00786324039323857"
"BEAS2B_GlutaminaC1_2_02.","0.144587706045903","0.534904402815013","0.19459099159065","0.0868841855857302","0.0314272209392278","0.007605493023477"
"BEAS2B_GlutaminaC1_3_01.","0.146599719058715","0.532821956094541","0.193496032878819","0.0863204111572422","0.0327475380952138","0.00801434271546999"
"BEAS2B_GlutaminaC1_3_02.","0.147853566497465","0.532500266177786","0.193617093113869","0.0859931331820145","0.032231656600879","0.00780428442798678"
"NCIH460_GlutaminaC1_1_01.","0.174178041862394","0.517884879062602","0.187645650281934","0.0820965405593928","0.0309243356133883","0.00727055262028824"
"NCIH460_GlutaminaC1_1_02.","0.17481367946635","0.51806327941183","0.187925424087603","0.0820362711235794","0.0301293572962108","0.0070319886144268"
"NCIH460_GlutaminaC1_1_03.","0.176933458940176","0.516722792729072","0.187720601594941","0.0822332279714344","0.0294177483239303","0.00697217044044642"
"NCIH460_GlutaminaC1_2_01.","0.171554717403952","0.519205904166214","0.188358382025787","0.0825676161546298","0.0310355030792126","0.00727787717020547"
"NCIH460_GlutaminaC1_2_02.","0.172488980713148","0.519110386888728","0.188117598780364","0.0826587228132375","0.0304815365269262","0.00714277427759629"
"NCIH460_GlutaminaC1_2_03.","0.174243787006317","0.517353636603958","0.188173390708437","0.0825817993455547","0.030417647089956","0.00722973924577655"
"NCIH460_GlutaminaC1_3_01.","0.181202067815633","0.513849385961865","0.186533430696294","0.0812531132252387","0.0300802270913778","0.00708177520959223"
"NCIH460_GlutaminaC1_3_02.","0.181632932907378","0.513698283547242","0.186515752274325","0.0812942685678767","0.0297843523794904","0.00707441032368777"
"NCIH460_GlutaminaC1_3_03.","0.183181984371408","0.511883887828451","0.186307308766303","0.081412448313284","0.0300720002032975","0.00714237051725637"
