"A549_GlutaminaC1_1_01.","0.177690761136142","0.515984237258208","0.187508428238589","0.0808738267716466","0.0306506892602522","0.00729205733516194"
"A549_GlutaminaC1_1_02.","0.178149962832242","0.51614928819478","0.187552189424668","0.0808480083277671","0.0299981892771938","0.00730236194334932"
"A549_GlutaminaC1_1_03.","0.179374462901764","0.512644162523419","0.188233456006518","0.0814748190529852","0.0309126348754068","0.00736046463990629"
"A549_GlutaminaC1_2_01.","0.177062265707964","0.518266645709229","0.187326410906831","0.0802295748689832","0.0298739256547071","0.00724117715228564"
"A549_GlutaminaC1_2_02.","0.178384886092314","0.515880576204602","0.187644625805346","0.0809171593227019","0.0301452851340268","0.00702746744100899"
"A549_GlutaminaC1_2_03.","0.179574814409624","0.512725982570166","0.188884289378154","0.0815813795878934","0.0301373894835884","0.00709614457057442"
"A549_GlutaminaC1_3_01.","0.17808003241849","0.515808944754111","0.187270634747606","0.0804991656131205","0.0306938533616915","0.00764736910498165"
"A549_GlutaminaC1_3_02.","0.177653798894632","0.515575505681108","0.187814576422968","0.0800963625130426","0.0312038528181463","0.00765590367010288"
"A549_GlutaminaC1_3_03.","0.179585538064451","0.513904945216553","0.188183265670137","0.0813053001172076","0.0299281324399566","0.00709281849169547"
"BEAS2B_COLD_1_02.","0.628766378446281","0.216375193199646","0.104521219416696","0.038879922838568","0.00983990164535539","0.00161738445345426"
"BEAS2B_GlutaminaC1_1_01.","0.153540929220482","0.529330123802146","0.193593839980349","0.0847679197082111","0.0311291825968468","0.00763800469196509"
"BEAS2B_GlutaminaC1_1_02.","0.154554341602239","0.529261943168259","0.192742218582094","0.0849143610524624","0.030918892174695","0.00760824342025108"
"BEAS2B_GlutaminaC1_2_01.","0.146730992726054","0.533897709935438","0.19474506950395","0.0860296072988986","0.0311801202076204","0.00741650032803861"
"BEAS2B_GlutaminaC1_2_02.","0.146953063740511","0.533803865392101","0.194456214557985","0.0858577984362197","0.0314117429749399","0.00751731489824417"
"BEAS2B_GlutaminaC1_3_01.","0.15048745113534","0.530177278622988","0.193879150593677","0.0853491710229312","0.0323792623737485","0.00772768625131526"
"BEAS2B_GlutaminaC1_3_02.","0.150417198313969","0.530239627471439","0.193768009556087","0.0857537193713991","0.0319511341976612","0.00787031108944418"
"NCIH460_GlutaminaC1_1_01.","0.18875697390796","0.510313272814273","0.185339797405438","0.0796551197037825","0.0289273413248951","0.00700749484365168"
"NCIH460_GlutaminaC1_1_02.","0.189327127134676","0.508894002199093","0.18504962665439","0.0796783507065306","0.029901568010867","0.00714932529444271"
"NCIH460_GlutaminaC1_1_03.","0.189476073679019","0.507417795980743","0.185403955099582","0.0802215585483862","0.0303043452090623","0.00717627148320811"
"NCIH460_GlutaminaC1_2_01.","0.186758930959184","0.511329797062212","0.185066799539475","0.0799714653613944","0.0297511592168997","0.00712184786083522"
"NCIH460_GlutaminaC1_2_02.","0.186665252363754","0.51043436073081","0.185449584723843","0.0799442069999675","0.0301725780468712","0.00733401713475408"
"NCIH460_GlutaminaC1_2_03.","0.18751873337958","0.508927337086843","0.18593335735814","0.0808480634078487","0.029661576083405","0.00711093268418407"
"NCIH460_GlutaminaC1_3_01.","0.197700216020332","0.504342670947575","0.183219123232613","0.0787070998678066","0.0291092858543592","0.00692160407731467"
"NCIH460_GlutaminaC1_3_02.","0.198122633621766","0.504190779166577","0.183565261252348","0.0791380164868759","0.0282095298415468","0.00677377963088667"
"NCIH460_GlutaminaC1_3_03.","0.197816677319562","0.502437531180405","0.183740134173421","0.0795916642261763","0.0294254892754488","0.00698850382498757"
